http://stats.nba.com/cvp.html?GameID=0021201049&GameEventID=2,1,,Orlando Magic,Jump Ball O'Quinn vs. Bosh: Tip to Moore,12:00
http://stats.nba.com/cvp.html?GameID=0021201049&GameEventID=4,1,,Orlando Magic,MISS Nelson 29' 3PT Jump Shot,11:34
http://stats.nba.com/cvp.html?GameID=0021201049&GameEventID=5,1,,Miami Heat,Miller REBOUND (Off:0 Def:1),11:33
http://stats.nba.com/cvp.html?GameID=0021201049&GameEventID=6,1,,Miami Heat,MISS Bosh 19' Jump Shot,11:24
http://stats.nba.com/cvp.html?GameID=0021201049&GameEventID=7,1,,Orlando Magic,Harkless REBOUND (Off:0 Def:1),11:22
http://stats.nba.com/cvp.html?GameID=0021201049&GameEventID=8,1,,Miami Heat,Miller S.FOUL (P1.T1),11:09
http://stats.nba.com/cvp.html?GameID=0021201049&GameEventID=9,1,,Orlando Magic,MISS Harkless Free Throw 1 of 2,11:09
http://stats.nba.com/cvp.html?GameID=0021201049&GameEventID=10,1,,Orlando Magic,MAGIC Rebound,11:09
http://stats.nba.com/cvp.html?GameID=0021201049&GameEventID=11,1,,Orlando Magic,MISS Harkless Free Throw 2 of 2,11:09
http://stats.nba.com/cvp.html?GameID=0021201049&GameEventID=13,1,,Miami Heat,Haslem REBOUND (Off:0 Def:1),11:08
http://stats.nba.com/cvp.html?GameID=0021201049&GameEventID=14,1,[ 2 - 0 ],Miami Heat,Miller 22' Jump Shot (2 PTS) (Bosh 1 AST),10:56
http://stats.nba.com/cvp.html?GameID=0021201049&GameEventID=15,1,[ 2 - 2 ],Orlando Magic,Harris 3' Driving Layup (2 PTS),10:39
http://stats.nba.com/cvp.html?GameID=0021201049&GameEventID=16,1,,Orlando Magic,MAGIC T.Foul (Def. 3 Sec O'Quinn ),10:21
http://stats.nba.com/cvp.html?GameID=0021201049&GameEventID=17,1,[ 3 - 2 ],Miami Heat,Chalmers Free Throw Technical (1 PTS),10:21
http://stats.nba.com/cvp.html?GameID=0021201049&GameEventID=19,1,,Orlando Magic,O'Quinn S.FOUL (P1.T1),10:20
http://stats.nba.com/cvp.html?GameID=0021201049&GameEventID=20,1,[ 4 - 2 ],Miami Heat,Miller Free Throw 1 of 2 (3 PTS),10:20
http://stats.nba.com/cvp.html?GameID=0021201049&GameEventID=22,1,,Miami Heat,MISS Miller Free Throw 2 of 2,10:20
http://stats.nba.com/cvp.html?GameID=0021201049&GameEventID=24,1,,Orlando Magic,Moore REBOUND (Off:0 Def:1),10:19
http://stats.nba.com/cvp.html?GameID=0021201049&GameEventID=25,1,[ 4 - 5 ],Orlando Magic,Nelson 26' 3PT Jump Shot (3 PTS) (Moore 1 AST),10:08
http://stats.nba.com/cvp.html?GameID=0021201049&GameEventID=26,1,[ 6 - 5 ],Miami Heat,James 2' Layup (2 PTS) (Haslem 1 AST),9:56
http://stats.nba.com/cvp.html?GameID=0021201049&GameEventID=27,1,[ 6 - 7 ],Orlando Magic,Harris 16' Fadeaway Bank Shot (4 PTS) (Nelson 1 AST),9:44
http://stats.nba.com/cvp.html?GameID=0021201049&GameEventID=28,1,,Orlando Magic,O'Quinn BLOCK (1 BLK),9:21
http://stats.nba.com/cvp.html?GameID=0021201049&GameEventID=28,1,,Miami Heat,MISS Bosh 3' Layup,9:21
http://stats.nba.com/cvp.html?GameID=0021201049&GameEventID=29,1,,Orlando Magic,Harris REBOUND (Off:0 Def:1),9:19
http://stats.nba.com/cvp.html?GameID=0021201049&GameEventID=30,1,[ 6 - 9 ],Orlando Magic,Nelson 23' Jump Shot (5 PTS),9:11
http://stats.nba.com/cvp.html?GameID=0021201049&GameEventID=31,1,[ 8 - 9 ],Miami Heat,Bosh 21' Jump Shot (2 PTS) (Chalmers 1 AST),8:57
http://stats.nba.com/cvp.html?GameID=0021201049&GameEventID=32,1,,Orlando Magic,Nelson Bad Pass Turnover (P1.T1),8:43
http://stats.nba.com/cvp.html?GameID=0021201049&GameEventID=32,1,,Miami Heat,Chalmers STEAL (1 STL),8:43
http://stats.nba.com/cvp.html?GameID=0021201049&GameEventID=33,1,,Miami Heat,Miller Traveling Turnover (P1.T1),8:37
http://stats.nba.com/cvp.html?GameID=0021201049&GameEventID=34,1,[ 8 - 11 ],Orlando Magic,O'Quinn 3' Layup (2 PTS) (Nelson 2 AST),8:20
http://stats.nba.com/cvp.html?GameID=0021201049&GameEventID=36,1,,Orlando Magic,SUB: Nicholson FOR O'Quinn,8:05
http://stats.nba.com/cvp.html?GameID=0021201049&GameEventID=37,1,,Orlando Magic,Nicholson S.FOUL (P1.T2),7:58
http://stats.nba.com/cvp.html?GameID=0021201049&GameEventID=38,1,,Miami Heat,MISS Bosh Free Throw 1 of 2,7:58
http://stats.nba.com/cvp.html?GameID=0021201049&GameEventID=39,1,,Miami Heat,Heat Rebound,7:58
http://stats.nba.com/cvp.html?GameID=0021201049&GameEventID=40,1,[ 9 - 11 ],Miami Heat,Bosh Free Throw 2 of 2 (3 PTS),7:58
http://stats.nba.com/cvp.html?GameID=0021201049&GameEventID=43,1,,Orlando Magic,MISS Nelson 20' Pullup Jump Shot,7:43
http://stats.nba.com/cvp.html?GameID=0021201049&GameEventID=44,1,,Miami Heat,James REBOUND (Off:0 Def:1),7:41
http://stats.nba.com/cvp.html?GameID=0021201049&GameEventID=45,1,,Miami Heat,MISS Miller 24' 3PT Jump Shot,7:35
http://stats.nba.com/cvp.html?GameID=0021201049&GameEventID=46,1,,Orlando Magic,Harkless REBOUND (Off:0 Def:2),7:33
http://stats.nba.com/cvp.html?GameID=0021201049&GameEventID=47,1,[ 9 - 13 ],Orlando Magic,Harris 20' Jump Shot (6 PTS),7:18
http://stats.nba.com/cvp.html?GameID=0021201049&GameEventID=48,1,[ 11 - 13 ],Miami Heat,Miller 20' Jump Shot (5 PTS) (Bosh 2 AST),7:00
http://stats.nba.com/cvp.html?GameID=0021201049&GameEventID=49,1,,Orlando Magic,MISS Harris 26' 3PT Jump Shot,6:39
http://stats.nba.com/cvp.html?GameID=0021201049&GameEventID=50,1,,Miami Heat,Bosh REBOUND (Off:0 Def:1),6:37
http://stats.nba.com/cvp.html?GameID=0021201049&GameEventID=51,1,,Miami Heat,MISS Bosh 11' Hook Shot,6:28
http://stats.nba.com/cvp.html?GameID=0021201049&GameEventID=52,1,,Miami Heat,Haslem REBOUND (Off:1 Def:1),6:26
http://stats.nba.com/cvp.html?GameID=0021201049&GameEventID=53,1,[ 13 - 13 ],Miami Heat,James 2' Layup (4 PTS) (Chalmers 2 AST),6:22
http://stats.nba.com/cvp.html?GameID=0021201049&GameEventID=54,1,,Orlando Magic,MAGIC Timeout: Regular (Full 1 Short 0),6:13
http://stats.nba.com/cvp.html?GameID=0021201049&GameEventID=56,1,,Orlando Magic,SUB: Udrih FOR Nicholson,6:13
http://stats.nba.com/cvp.html?GameID=0021201049&GameEventID=57,1,[ 13 - 15 ],Orlando Magic,Harkless 2' Driving Reverse Layup (2 PTS) (Harris 1 AST),6:02
http://stats.nba.com/cvp.html?GameID=0021201049&GameEventID=58,1,,Orlando Magic,Nelson P.FOUL (P1.T3),5:50
http://stats.nba.com/cvp.html?GameID=0021201049&GameEventID=59,1,[ 16 - 15 ],Miami Heat,Chalmers 26' 3PT Jump Shot (4 PTS) (Bosh 3 AST),5:40
http://stats.nba.com/cvp.html?GameID=0021201049&GameEventID=60,1,,Orlando Magic,MISS Udrih 8' Running Jump Shot,5:22
http://stats.nba.com/cvp.html?GameID=0021201049&GameEventID=61,1,,Miami Heat,James REBOUND (Off:0 Def:2),5:20
http://stats.nba.com/cvp.html?GameID=0021201049&GameEventID=62,1,,Miami Heat,MISS Bosh 7' Hook Shot,5:01
http://stats.nba.com/cvp.html?GameID=0021201049&GameEventID=63,1,,Orlando Magic,Moore REBOUND (Off:0 Def:2),4:59
http://stats.nba.com/cvp.html?GameID=0021201049&GameEventID=64,1,[ 16 - 18 ],Orlando Magic,Moore  3PT Jump Shot (3 PTS) (Udrih 1 AST),4:49
http://stats.nba.com/cvp.html?GameID=0021201049&GameEventID=65,1,[ 19 - 18 ],Miami Heat,Chalmers 24' 3PT Jump Shot (7 PTS) (Miller 1 AST),4:28
http://stats.nba.com/cvp.html?GameID=0021201049&GameEventID=66,1,,Orlando Magic,MISS Harkless 24' 3PT Jump Shot,4:09
http://stats.nba.com/cvp.html?GameID=0021201049&GameEventID=67,1,,Miami Heat,Bosh REBOUND (Off:0 Def:2),4:08
http://stats.nba.com/cvp.html?GameID=0021201049&GameEventID=69,1,,Miami Heat,SUB: Battier FOR Haslem,4:00
http://stats.nba.com/cvp.html?GameID=0021201049&GameEventID=70,1,,Orlando Magic,Udrih STEAL (1 STL),3:46
http://stats.nba.com/cvp.html?GameID=0021201049&GameEventID=70,1,,Miami Heat,James Bad Pass Turnover (P1.T2),3:46
http://stats.nba.com/cvp.html?GameID=0021201049&GameEventID=71,1,,Orlando Magic,MISS Nelson 24' 3PT Jump Shot,3:40
http://stats.nba.com/cvp.html?GameID=0021201049&GameEventID=72,1,,Orlando Magic,Harkless REBOUND (Off:1 Def:2),3:38
http://stats.nba.com/cvp.html?GameID=0021201049&GameEventID=73,1,,Orlando Magic,MISS Udrih 25' 3PT Jump Shot,3:24
http://stats.nba.com/cvp.html?GameID=0021201049&GameEventID=74,1,,Miami Heat,Miller REBOUND (Off:0 Def:2),3:22
http://stats.nba.com/cvp.html?GameID=0021201049&GameEventID=75,1,,Orlando Magic,Nelson STEAL (1 STL),3:20
http://stats.nba.com/cvp.html?GameID=0021201049&GameEventID=75,1,,Miami Heat,Miller Lost Ball Turnover (P2.T3),3:20
http://stats.nba.com/cvp.html?GameID=0021201049&GameEventID=76,1,,Orlando Magic,MISS Harkless 7' Jump Shot,3:18
http://stats.nba.com/cvp.html?GameID=0021201049&GameEventID=77,1,,Miami Heat,Heat Rebound,3:18
http://stats.nba.com/cvp.html?GameID=0021201049&GameEventID=78,1,,Miami Heat,SUB: Allen FOR Miller,3:18
http://stats.nba.com/cvp.html?GameID=0021201049&GameEventID=79,1,[ 21 - 18 ],Miami Heat,James 3' Jump Shot (6 PTS),3:04
http://stats.nba.com/cvp.html?GameID=0021201049&GameEventID=80,1,,Orlando Magic,Harkless S.FOUL (P1.T4),3:04
http://stats.nba.com/cvp.html?GameID=0021201049&GameEventID=81,1,,Miami Heat,MISS James Free Throw 1 of 1,3:04
http://stats.nba.com/cvp.html?GameID=0021201049&GameEventID=83,1,,Miami Heat,Bosh REBOUND (Off:1 Def:2),3:03
http://stats.nba.com/cvp.html?GameID=0021201049&GameEventID=84,1,[ 23 - 18 ],Miami Heat,Bosh 1' Dunk (5 PTS),3:00
http://stats.nba.com/cvp.html?GameID=0021201049&GameEventID=85,1,,Orlando Magic,Nelson Out of Bounds Lost Ball Turnover (P2.T2),2:40
http://stats.nba.com/cvp.html?GameID=0021201049&GameEventID=86,1,,Miami Heat,Heat Timeout: Regular (Reg.1 Short 0),2:40
http://stats.nba.com/cvp.html?GameID=0021201049&GameEventID=88,1,,Miami Heat,SUB: Andersen FOR Bosh,2:40
http://stats.nba.com/cvp.html?GameID=0021201049&GameEventID=90,1,,Miami Heat,MISS James 3' Layup,2:29
http://stats.nba.com/cvp.html?GameID=0021201049&GameEventID=91,1,,Orlando Magic,Harris REBOUND (Off:0 Def:2),2:27
http://stats.nba.com/cvp.html?GameID=0021201049&GameEventID=92,1,[ 23 - 20 ],Orlando Magic,Moore 6' Floating Jump Shot (5 PTS),2:10
http://stats.nba.com/cvp.html?GameID=0021201049&GameEventID=93,1,,Miami Heat,Allen Bad Pass Turnover (P1.T4),2:04
http://stats.nba.com/cvp.html?GameID=0021201049&GameEventID=94,1,,Miami Heat,SUB: Cole FOR Chalmers,2:04
http://stats.nba.com/cvp.html?GameID=0021201049&GameEventID=95,1,[ 23 - 23 ],Orlando Magic,Harris 26' 3PT Jump Shot (9 PTS) (Nelson 3 AST),1:50
http://stats.nba.com/cvp.html?GameID=0021201049&GameEventID=96,1,[ 26 - 23 ],Miami Heat,Cole 24' 3PT Jump Shot (3 PTS) (James 1 AST),1:21
http://stats.nba.com/cvp.html?GameID=0021201049&GameEventID=97,1,[ 26 - 26 ],Orlando Magic,Nelson  3PT Jump Shot (8 PTS) (Moore 2 AST),0:54
http://stats.nba.com/cvp.html?GameID=0021201049&GameEventID=98,1,,Miami Heat,MISS James 15' Jump Shot,0:31
http://stats.nba.com/cvp.html?GameID=0021201049&GameEventID=99,1,,Miami Heat,Heat Rebound,0:31
http://stats.nba.com/cvp.html?GameID=0021201049&GameEventID=101,1,[ 28 - 26 ],Miami Heat,Andersen 1' Dunk (2 PTS) (Cole 1 AST),0:21
http://stats.nba.com/cvp.html?GameID=0021201049&GameEventID=103,1,,Miami Heat,Cole S.FOUL (P1.T2),0:05
http://stats.nba.com/cvp.html?GameID=0021201049&GameEventID=104,1,[ 28 - 27 ],Orlando Magic,Nelson Free Throw 1 of 2 (9 PTS),0:05
http://stats.nba.com/cvp.html?GameID=0021201049&GameEventID=106,1,,Orlando Magic,SUB: Jones FOR Harris,0:05
http://stats.nba.com/cvp.html?GameID=0021201049&GameEventID=107,1,[ 28 - 28 ],Orlando Magic,Nelson Free Throw 2 of 2 (10 PTS),0:05
http://stats.nba.com/cvp.html?GameID=0021201049&GameEventID=112,2,,Miami Heat,MISS Battier 26' 3PT Jump Shot,11:41
http://stats.nba.com/cvp.html?GameID=0021201049&GameEventID=113,2,,Orlando Magic,Harris REBOUND (Off:0 Def:3),11:39
http://stats.nba.com/cvp.html?GameID=0021201049&GameEventID=114,2,,Orlando Magic,MISS Nelson 14' Turnaround Fadeaway Shot,11:30
http://stats.nba.com/cvp.html?GameID=0021201049&GameEventID=115,2,,Orlando Magic,O'Quinn REBOUND (Off:1 Def:0),11:29
http://stats.nba.com/cvp.html?GameID=0021201049&GameEventID=117,2,,Orlando Magic,MISS Udrih 20' Jump Shot,11:25
http://stats.nba.com/cvp.html?GameID=0021201049&GameEventID=120,2,,Orlando Magic,Harkless REBOUND (Off:2 Def:2),11:20
http://stats.nba.com/cvp.html?GameID=0021201049&GameEventID=121,2,,Orlando Magic,MISS Harkless 2' Layup,11:18
http://stats.nba.com/cvp.html?GameID=0021201049&GameEventID=121,2,,Miami Heat,Andersen BLOCK (1 BLK),11:18
http://stats.nba.com/cvp.html?GameID=0021201049&GameEventID=122,2,,Orlando Magic,MAGIC Rebound,11:18
http://stats.nba.com/cvp.html?GameID=0021201049&GameEventID=124,2,[ 28 - 31 ],Orlando Magic,Harkless  3PT Jump Shot (5 PTS) (Udrih 2 AST),11:09
http://stats.nba.com/cvp.html?GameID=0021201049&GameEventID=125,2,,Orlando Magic,Harkless STEAL (1 STL),10:53
http://stats.nba.com/cvp.html?GameID=0021201049&GameEventID=125,2,,Miami Heat,Allen Bad Pass Turnover (P2.T5),10:53
http://stats.nba.com/cvp.html?GameID=0021201049&GameEventID=126,2,[ 28 - 34 ],Orlando Magic,Harris 24' 3PT Jump Shot (12 PTS) (Nelson 4 AST),10:46
http://stats.nba.com/cvp.html?GameID=0021201049&GameEventID=127,2,,Miami Heat,Heat Timeout: Regular (Reg.2 Short 0),10:45
http://stats.nba.com/cvp.html?GameID=0021201049&GameEventID=132,2,,Miami Heat,MISS Battier 26' 3PT Jump Shot,10:26
http://stats.nba.com/cvp.html?GameID=0021201049&GameEventID=133,2,,Orlando Magic,Harris REBOUND (Off:0 Def:4),10:24
http://stats.nba.com/cvp.html?GameID=0021201049&GameEventID=134,2,,Orlando Magic,MISS Harris 4' Jump Shot,10:03
http://stats.nba.com/cvp.html?GameID=0021201049&GameEventID=135,2,,Miami Heat,Lewis REBOUND (Off:0 Def:1),10:00
http://stats.nba.com/cvp.html?GameID=0021201049&GameEventID=136,2,[ 30 - 34 ],Miami Heat,Andersen 3' Layup (4 PTS) (Allen 1 AST),9:53
http://stats.nba.com/cvp.html?GameID=0021201049&GameEventID=137,2,[ 30 - 36 ],Orlando Magic,Nelson 2' Finger Roll Layup (12 PTS),9:42
http://stats.nba.com/cvp.html?GameID=0021201049&GameEventID=138,2,,Miami Heat,MISS Cole 19' Jump Shot,9:26
http://stats.nba.com/cvp.html?GameID=0021201049&GameEventID=139,2,,Miami Heat,Battier REBOUND (Off:1 Def:0),9:24
http://stats.nba.com/cvp.html?GameID=0021201049&GameEventID=140,2,,Miami Heat,MISS Allen 7' Running Jump Shot,9:20
http://stats.nba.com/cvp.html?GameID=0021201049&GameEventID=141,2,,Orlando Magic,O'Quinn REBOUND (Off:1 Def:1),9:18
http://stats.nba.com/cvp.html?GameID=0021201049&GameEventID=142,2,,Orlando Magic,MISS Udrih 25' 3PT Jump Shot,9:07
http://stats.nba.com/cvp.html?GameID=0021201049&GameEventID=143,2,,Orlando Magic,Udrih REBOUND (Off:1 Def:0),9:05
http://stats.nba.com/cvp.html?GameID=0021201049&GameEventID=144,2,,Orlando Magic,MISS Nelson 29' 3PT Jump Shot,8:59
http://stats.nba.com/cvp.html?GameID=0021201049&GameEventID=145,2,,Miami Heat,Andersen REBOUND (Off:0 Def:1),8:58
http://stats.nba.com/cvp.html?GameID=0021201049&GameEventID=146,2,,Orlando Magic,O'Quinn S.FOUL (P2.T1),8:49
http://stats.nba.com/cvp.html?GameID=0021201049&GameEventID=148,2,[ 31 - 36 ],Miami Heat,Lewis Free Throw 1 of 2 (1 PTS),8:49
http://stats.nba.com/cvp.html?GameID=0021201049&GameEventID=150,2,,Miami Heat,SUB: Chalmers FOR Allen,8:49
http://stats.nba.com/cvp.html?GameID=0021201049&GameEventID=151,2,,Miami Heat,MISS Lewis Free Throw 2 of 2,8:49
http://stats.nba.com/cvp.html?GameID=0021201049&GameEventID=153,2,,Miami Heat,Chalmers REBOUND (Off:1 Def:0),8:48
http://stats.nba.com/cvp.html?GameID=0021201049&GameEventID=154,2,[ 34 - 36 ],Miami Heat,Battier 24' 3PT Jump Shot (3 PTS) (Cole 2 AST),8:37
http://stats.nba.com/cvp.html?GameID=0021201049&GameEventID=155,2,,Miami Heat,Chalmers S.FOUL (P1.T1),8:19
http://stats.nba.com/cvp.html?GameID=0021201049&GameEventID=156,2,[ 34 - 37 ],Orlando Magic,Udrih Free Throw 1 of 2 (1 PTS),8:19
http://stats.nba.com/cvp.html?GameID=0021201049&GameEventID=158,2,,Orlando Magic,SUB: Lamb FOR Nelson,8:19
http://stats.nba.com/cvp.html?GameID=0021201049&GameEventID=159,2,[ 34 - 38 ],Orlando Magic,Udrih Free Throw 2 of 2 (2 PTS),8:19
http://stats.nba.com/cvp.html?GameID=0021201049&GameEventID=161,2,,Orlando Magic,Lamb P.FOUL (P1.T2),8:09
http://stats.nba.com/cvp.html?GameID=0021201049&GameEventID=162,2,,Miami Heat,MISS Cole 25' 3PT Jump Shot,8:00
http://stats.nba.com/cvp.html?GameID=0021201049&GameEventID=163,2,,Orlando Magic,Harkless REBOUND (Off:2 Def:3),7:59
http://stats.nba.com/cvp.html?GameID=0021201049&GameEventID=164,2,[ 34 - 40 ],Orlando Magic,Harkless 3' Driving Layup (7 PTS) (Udrih 3 AST),7:50
http://stats.nba.com/cvp.html?GameID=0021201049&GameEventID=165,2,[ 37 - 40 ],Miami Heat,Chalmers  3PT Jump Shot (10 PTS) (Battier 1 AST),7:26
http://stats.nba.com/cvp.html?GameID=0021201049&GameEventID=166,2,,Miami Heat,Andersen P.FOUL (P1.T2),7:14
http://stats.nba.com/cvp.html?GameID=0021201049&GameEventID=167,2,,Miami Heat,SUB: Bosh FOR Andersen,7:14
http://stats.nba.com/cvp.html?GameID=0021201049&GameEventID=168,2,,Orlando Magic,MISS Harkless 11' Fadeaway Jumper,7:01
http://stats.nba.com/cvp.html?GameID=0021201049&GameEventID=169,2,,Orlando Magic,MAGIC Rebound,7:01
http://stats.nba.com/cvp.html?GameID=0021201049&GameEventID=170,2,,Miami Heat,Cole L.B.FOUL (P2.T3),7:01
http://stats.nba.com/cvp.html?GameID=0021201049&GameEventID=171,2,[ 37 - 42 ],Orlando Magic,Lamb 12' Running Jump Shot (2 PTS) (Udrih 4 AST),6:52
http://stats.nba.com/cvp.html?GameID=0021201049&GameEventID=172,2,,Miami Heat,MISS Chalmers 7' Fadeaway Jumper,6:35
http://stats.nba.com/cvp.html?GameID=0021201049&GameEventID=173,2,,Orlando Magic,O'Quinn REBOUND (Off:1 Def:2),6:34
http://stats.nba.com/cvp.html?GameID=0021201049&GameEventID=174,2,,Orlando Magic,MISS Udrih 1' Driving Layup,6:25
http://stats.nba.com/cvp.html?GameID=0021201049&GameEventID=175,2,,Orlando Magic,Lamb REBOUND (Off:1 Def:0),6:24
http://stats.nba.com/cvp.html?GameID=0021201049&GameEventID=176,2,,Orlando Magic,MISS Harkless 24' 3PT Jump Shot,6:20
http://stats.nba.com/cvp.html?GameID=0021201049&GameEventID=177,2,,Miami Heat,Bosh REBOUND (Off:1 Def:3),6:19
http://stats.nba.com/cvp.html?GameID=0021201049&GameEventID=178,2,,Miami Heat,MISS Battier 24' 3PT Jump Shot,6:10
http://stats.nba.com/cvp.html?GameID=0021201049&GameEventID=179,2,,Orlando Magic,Lamb REBOUND (Off:1 Def:1),6:09
http://stats.nba.com/cvp.html?GameID=0021201049&GameEventID=180,2,,Orlando Magic,MISS Lamb 2' Driving Layup,6:07
http://stats.nba.com/cvp.html?GameID=0021201049&GameEventID=180,2,,Miami Heat,Chalmers BLOCK (1 BLK),6:07
http://stats.nba.com/cvp.html?GameID=0021201049&GameEventID=181,2,,Miami Heat,Lewis REBOUND (Off:0 Def:2),6:04
http://stats.nba.com/cvp.html?GameID=0021201049&GameEventID=182,2,,Miami Heat,MISS Battier 24' 3PT Jump Shot,5:55
http://stats.nba.com/cvp.html?GameID=0021201049&GameEventID=183,2,,Orlando Magic,O'Quinn REBOUND (Off:1 Def:3),5:54
http://stats.nba.com/cvp.html?GameID=0021201049&GameEventID=184,2,,Orlando Magic,MAGIC Timeout: Regular (Full 2 Short 0),5:49
http://stats.nba.com/cvp.html?GameID=0021201049&GameEventID=187,2,,Miami Heat,SUB: James FOR Battier,5:49
http://stats.nba.com/cvp.html?GameID=0021201049&GameEventID=188,2,,Orlando Magic,SUB: Nelson FOR Harris,5:49
http://stats.nba.com/cvp.html?GameID=0021201049&GameEventID=189,2,,Orlando Magic,SUB: Jones FOR Lamb,5:49
http://stats.nba.com/cvp.html?GameID=0021201049&GameEventID=190,2,,Orlando Magic,MISS Udrih 13' Jump Shot,5:34
http://stats.nba.com/cvp.html?GameID=0021201049&GameEventID=191,2,,Miami Heat,James REBOUND (Off:0 Def:3),5:33
http://stats.nba.com/cvp.html?GameID=0021201049&GameEventID=192,2,[ 39 - 42 ],Miami Heat,Bosh 1' Dunk (7 PTS) (Chalmers 3 AST),5:25
http://stats.nba.com/cvp.html?GameID=0021201049&GameEventID=193,2,,Orlando Magic,MISS Jones 11' Jump Shot,5:09
http://stats.nba.com/cvp.html?GameID=0021201049&GameEventID=194,2,,Orlando Magic,Jones REBOUND (Off:1 Def:0),5:08
http://stats.nba.com/cvp.html?GameID=0021201049&GameEventID=195,2,,Orlando Magic,MISS Jones 10' Pullup Jump Shot,5:03
http://stats.nba.com/cvp.html?GameID=0021201049&GameEventID=196,2,,Miami Heat,Lewis REBOUND (Off:0 Def:3),5:02
http://stats.nba.com/cvp.html?GameID=0021201049&GameEventID=197,2,[ 42 - 42 ],Miami Heat,Lewis 24' 3PT Jump Shot (4 PTS) (James 2 AST),4:54
http://stats.nba.com/cvp.html?GameID=0021201049&GameEventID=198,2,,Orlando Magic,MISS Nelson 8' Running Jump Shot,4:36
http://stats.nba.com/cvp.html?GameID=0021201049&GameEventID=200,2,,Orlando Magic,O'Quinn REBOUND (Off:2 Def:3),4:34
http://stats.nba.com/cvp.html?GameID=0021201049&GameEventID=199,2,,Orlando Magic,MISS O'Quinn 1' Tip Shot,4:34
http://stats.nba.com/cvp.html?GameID=0021201049&GameEventID=201,2,,Miami Heat,Chalmers REBOUND (Off:1 Def:1),4:32
http://stats.nba.com/cvp.html?GameID=0021201049&GameEventID=202,2,,Orlando Magic,Jones BLOCK (1 BLK),4:23
http://stats.nba.com/cvp.html?GameID=0021201049&GameEventID=202,2,,Miami Heat,MISS Bosh 2' Layup,4:23
http://stats.nba.com/cvp.html?GameID=0021201049&GameEventID=203,2,,Miami Heat,Bosh REBOUND (Off:2 Def:3),4:21
http://stats.nba.com/cvp.html?GameID=0021201049&GameEventID=204,2,,Orlando Magic,O'Quinn S.FOUL (P3.T3),4:20
http://stats.nba.com/cvp.html?GameID=0021201049&GameEventID=205,2,[ 43 - 42 ],Miami Heat,Bosh Free Throw 1 of 2 (8 PTS),4:20
http://stats.nba.com/cvp.html?GameID=0021201049&GameEventID=207,2,,Orlando Magic,SUB: Harris FOR O'Quinn,4:20
http://stats.nba.com/cvp.html?GameID=0021201049&GameEventID=208,2,,Orlando Magic,SUB: Moore FOR Jones,4:20
http://stats.nba.com/cvp.html?GameID=0021201049&GameEventID=209,2,[ 44 - 42 ],Miami Heat,Bosh Free Throw 2 of 2 (9 PTS),4:20
http://stats.nba.com/cvp.html?GameID=0021201049&GameEventID=211,2,,Orlando Magic,Harris Lost Ball Turnover (P1.T3),4:06
http://stats.nba.com/cvp.html?GameID=0021201049&GameEventID=211,2,,Miami Heat,Bosh STEAL (1 STL),4:06
http://stats.nba.com/cvp.html?GameID=0021201049&GameEventID=212,2,,Orlando Magic,Harris S.FOUL (P1.T4),3:53
http://stats.nba.com/cvp.html?GameID=0021201049&GameEventID=213,2,[ 45 - 42 ],Miami Heat,Chalmers Free Throw 1 of 3 (11 PTS),3:53
http://stats.nba.com/cvp.html?GameID=0021201049&GameEventID=215,2,[ 46 - 42 ],Miami Heat,Chalmers Free Throw 2 of 3 (12 PTS),3:53
http://stats.nba.com/cvp.html?GameID=0021201049&GameEventID=217,2,[ 47 - 42 ],Miami Heat,Chalmers Free Throw 3 of 3 (13 PTS),3:53
http://stats.nba.com/cvp.html?GameID=0021201049&GameEventID=219,2,,Orlando Magic,MISS Udrih 11' Pullup Jump Shot,3:37
http://stats.nba.com/cvp.html?GameID=0021201049&GameEventID=220,2,,Miami Heat,Bosh REBOUND (Off:2 Def:4),3:35
http://stats.nba.com/cvp.html?GameID=0021201049&GameEventID=221,2,[ 50 - 42 ],Miami Heat,Lewis 24' 3PT Jump Shot (7 PTS) (James 3 AST),3:28
http://stats.nba.com/cvp.html?GameID=0021201049&GameEventID=222,2,,Miami Heat,Cole P.FOUL (P3.T4),3:15
http://stats.nba.com/cvp.html?GameID=0021201049&GameEventID=223,2,,Miami Heat,SUB: Miller FOR Cole,3:15
http://stats.nba.com/cvp.html?GameID=0021201049&GameEventID=224,2,[ 50 - 44 ],Orlando Magic,Harris 6' Hook Shot (14 PTS) (Nelson 5 AST),3:07
http://stats.nba.com/cvp.html?GameID=0021201049&GameEventID=225,2,,Orlando Magic,Harris S.FOUL (P2.PN),2:58
http://stats.nba.com/cvp.html?GameID=0021201049&GameEventID=231,2,,Miami Heat,MISS Bosh Free Throw 1 of 2,2:58
http://stats.nba.com/cvp.html?GameID=0021201049&GameEventID=232,2,,Miami Heat,Heat Rebound,2:58
http://stats.nba.com/cvp.html?GameID=0021201049&GameEventID=233,2,[ 51 - 44 ],Miami Heat,Bosh Free Throw 2 of 2 (10 PTS),2:58
http://stats.nba.com/cvp.html?GameID=0021201049&GameEventID=235,2,,Orlando Magic,MISS Moore 21' Jump Shot,2:40
http://stats.nba.com/cvp.html?GameID=0021201049&GameEventID=236,2,,Orlando Magic,Harkless REBOUND (Off:3 Def:3),2:38
http://stats.nba.com/cvp.html?GameID=0021201049&GameEventID=237,2,,Orlando Magic,MISS Nelson 9' Turnaround Fadeaway Shot,2:28
http://stats.nba.com/cvp.html?GameID=0021201049&GameEventID=239,2,,Orlando Magic,Harkless REBOUND (Off:4 Def:3),2:26
http://stats.nba.com/cvp.html?GameID=0021201049&GameEventID=238,2,,Orlando Magic,MISS Harkless 1' Tip Shot,2:26
http://stats.nba.com/cvp.html?GameID=0021201049&GameEventID=240,2,,Miami Heat,Bosh REBOUND (Off:2 Def:5),2:24
http://stats.nba.com/cvp.html?GameID=0021201049&GameEventID=241,2,,Miami Heat,MISS Lewis 25' 3PT Jump Shot,2:19
http://stats.nba.com/cvp.html?GameID=0021201049&GameEventID=242,2,,Orlando Magic,Moore REBOUND (Off:0 Def:3),2:17
http://stats.nba.com/cvp.html?GameID=0021201049&GameEventID=243,2,,Orlando Magic,MISS Harkless  3PT Jump Shot,2:00
http://stats.nba.com/cvp.html?GameID=0021201049&GameEventID=244,2,,Orlando Magic,MAGIC Rebound,2:00
http://stats.nba.com/cvp.html?GameID=0021201049&GameEventID=245,2,,Orlando Magic,MISS Moore 21' Fadeaway Jumper,1:54
http://stats.nba.com/cvp.html?GameID=0021201049&GameEventID=246,2,,Miami Heat,James REBOUND (Off:0 Def:4),1:53
http://stats.nba.com/cvp.html?GameID=0021201049&GameEventID=247,2,,Miami Heat,MISS Bosh 2' Layup,1:40
http://stats.nba.com/cvp.html?GameID=0021201049&GameEventID=248,2,,Orlando Magic,Moore REBOUND (Off:0 Def:4),1:38
http://stats.nba.com/cvp.html?GameID=0021201049&GameEventID=249,2,,Orlando Magic,MISS Harris 8' Hook Shot,1:31
http://stats.nba.com/cvp.html?GameID=0021201049&GameEventID=250,2,,Miami Heat,James REBOUND (Off:0 Def:5),1:29
http://stats.nba.com/cvp.html?GameID=0021201049&GameEventID=251,2,,Orlando Magic,Udrih STEAL (2 STL),1:17
http://stats.nba.com/cvp.html?GameID=0021201049&GameEventID=251,2,,Miami Heat,Chalmers Bad Pass Turnover (P1.T6),1:17
http://stats.nba.com/cvp.html?GameID=0021201049&GameEventID=252,2,[ 51 - 46 ],Orlando Magic,Moore 2' Layup (7 PTS) (Nelson 6 AST),1:12
http://stats.nba.com/cvp.html?GameID=0021201049&GameEventID=253,2,,Miami Heat,MISS Bosh 11' Hook Shot,0:54
http://stats.nba.com/cvp.html?GameID=0021201049&GameEventID=254,2,,Miami Heat,Heat Rebound,0:54
http://stats.nba.com/cvp.html?GameID=0021201049&GameEventID=255,2,,Orlando Magic,Moore L.B.FOUL (P1.PN),0:54
http://stats.nba.com/cvp.html?GameID=0021201049&GameEventID=256,2,[ 52 - 46 ],Miami Heat,Lewis Free Throw 1 of 2 (8 PTS),0:54
http://stats.nba.com/cvp.html?GameID=0021201049&GameEventID=258,2,,Miami Heat,MISS Lewis Free Throw 2 of 2,0:54
http://stats.nba.com/cvp.html?GameID=0021201049&GameEventID=260,2,,Orlando Magic,Harkless REBOUND (Off:4 Def:4),0:53
http://stats.nba.com/cvp.html?GameID=0021201049&GameEventID=261,2,,Orlando Magic,MISS Harris 12' Turnaround Fadeaway Shot,0:33
http://stats.nba.com/cvp.html?GameID=0021201049&GameEventID=262,2,,Miami Heat,Miller REBOUND (Off:0 Def:3),0:31
http://stats.nba.com/cvp.html?GameID=0021201049&GameEventID=263,2,[ 55 - 46 ],Miami Heat,Lewis 24' 3PT Jump Shot (11 PTS) (James 4 AST),0:20
http://stats.nba.com/cvp.html?GameID=0021201049&GameEventID=264,2,,Orlando Magic,MISS Harris 2' Driving Layup,0:00
http://stats.nba.com/cvp.html?GameID=0021201049&GameEventID=265,2,,Miami Heat,Miller REBOUND (Off:0 Def:4),0:00
http://stats.nba.com/cvp.html?GameID=0021201049&GameEventID=270,3,,Miami Heat,MISS Bosh 11' Turnaround Fadeaway Shot,11:38
http://stats.nba.com/cvp.html?GameID=0021201049&GameEventID=271,3,,Orlando Magic,Nelson REBOUND (Off:0 Def:1),11:36
http://stats.nba.com/cvp.html?GameID=0021201049&GameEventID=272,3,[ 55 - 48 ],Orlando Magic,Moore 2' Layup (9 PTS) (Nelson 7 AST),11:32
http://stats.nba.com/cvp.html?GameID=0021201049&GameEventID=273,3,,Miami Heat,MISS Chalmers 2' Driving Layup,11:06
http://stats.nba.com/cvp.html?GameID=0021201049&GameEventID=274,3,,Orlando Magic,Moore REBOUND (Off:0 Def:5),11:05
http://stats.nba.com/cvp.html?GameID=0021201049&GameEventID=275,3,,Miami Heat,Bosh S.FOUL (P1.T1),11:01
http://stats.nba.com/cvp.html?GameID=0021201049&GameEventID=276,3,[ 55 - 49 ],Orlando Magic,Harris Free Throw 1 of 2 (15 PTS),11:01
http://stats.nba.com/cvp.html?GameID=0021201049&GameEventID=278,3,,Orlando Magic,MISS Harris Free Throw 2 of 2,11:01
http://stats.nba.com/cvp.html?GameID=0021201049&GameEventID=280,3,,Miami Heat,Haslem REBOUND (Off:1 Def:2),10:59
http://stats.nba.com/cvp.html?GameID=0021201049&GameEventID=281,3,[ 57 - 49 ],Miami Heat,Haslem 15' Jump Shot (2 PTS) (James 5 AST),10:50
http://stats.nba.com/cvp.html?GameID=0021201049&GameEventID=282,3,[ 57 - 51 ],Orlando Magic,O'Quinn 2' Layup (4 PTS) (Moore 3 AST),10:33
http://stats.nba.com/cvp.html?GameID=0021201049&GameEventID=283,3,[ 59 - 51 ],Miami Heat,Haslem 16' Jump Shot (4 PTS) (Chalmers 4 AST),10:14
http://stats.nba.com/cvp.html?GameID=0021201049&GameEventID=284,3,[ 59 - 53 ],Orlando Magic,Harris 2' Layup (17 PTS) (Nelson 8 AST),9:52
http://stats.nba.com/cvp.html?GameID=0021201049&GameEventID=285,3,,Orlando Magic,MAGIC T.Foul (Def. 3 Sec O'Quinn ),9:41
http://stats.nba.com/cvp.html?GameID=0021201049&GameEventID=286,3,[ 60 - 53 ],Miami Heat,Chalmers Free Throw Technical (14 PTS),9:41
http://stats.nba.com/cvp.html?GameID=0021201049&GameEventID=288,3,,Miami Heat,MISS James 21' Fadeaway Jumper,9:27
http://stats.nba.com/cvp.html?GameID=0021201049&GameEventID=289,3,,Miami Heat,Haslem REBOUND (Off:2 Def:2),9:25
http://stats.nba.com/cvp.html?GameID=0021201049&GameEventID=290,3,[ 62 - 53 ],Miami Heat,Miller 15' Jump Shot (7 PTS) (Haslem 2 AST),9:21
http://stats.nba.com/cvp.html?GameID=0021201049&GameEventID=291,3,,Orlando Magic,O'Quinn Bad Pass Turnover (P1.T4),9:17
http://stats.nba.com/cvp.html?GameID=0021201049&GameEventID=292,3,,Miami Heat,MISS Haslem 20' Jump Shot,9:08
http://stats.nba.com/cvp.html?GameID=0021201049&GameEventID=293,3,,Orlando Magic,O'Quinn REBOUND (Off:2 Def:4),9:06
http://stats.nba.com/cvp.html?GameID=0021201049&GameEventID=294,3,,Orlando Magic,MISS Moore  3PT Jump Shot,8:54
http://stats.nba.com/cvp.html?GameID=0021201049&GameEventID=295,3,,Miami Heat,Haslem REBOUND (Off:2 Def:3),8:53
http://stats.nba.com/cvp.html?GameID=0021201049&GameEventID=296,3,[ 64 - 53 ],Miami Heat,Haslem  Layup (6 PTS) (Bosh 4 AST),8:37
http://stats.nba.com/cvp.html?GameID=0021201049&GameEventID=297,3,[ 64 - 55 ],Orlando Magic,O'Quinn 12' Jump Shot (6 PTS) (Nelson 9 AST),8:18
http://stats.nba.com/cvp.html?GameID=0021201049&GameEventID=298,3,,Miami Heat,MISS Miller 25' 3PT Jump Shot,8:02
http://stats.nba.com/cvp.html?GameID=0021201049&GameEventID=299,3,,Miami Heat,Haslem REBOUND (Off:3 Def:3),8:00
http://stats.nba.com/cvp.html?GameID=0021201049&GameEventID=300,3,,Miami Heat,MISS Bosh 9' Hook Shot,7:52
http://stats.nba.com/cvp.html?GameID=0021201049&GameEventID=301,3,,Orlando Magic,Moore REBOUND (Off:0 Def:6),7:50
http://stats.nba.com/cvp.html?GameID=0021201049&GameEventID=302,3,[ 64 - 58 ],Orlando Magic,Nelson 26' 3PT Jump Shot (15 PTS),7:44
http://stats.nba.com/cvp.html?GameID=0021201049&GameEventID=304,3,[ 66 - 58 ],Miami Heat,Bosh 21' Jump Shot (12 PTS) (James 6 AST),7:25
http://stats.nba.com/cvp.html?GameID=0021201049&GameEventID=305,3,[ 66 - 60 ],Orlando Magic,O'Quinn 1' Dunk (8 PTS) (Nelson 10 AST),7:09
http://stats.nba.com/cvp.html?GameID=0021201049&GameEventID=307,3,,Orlando Magic,SUB: Udrih FOR O'Quinn,6:43
http://stats.nba.com/cvp.html?GameID=0021201049&GameEventID=308,3,,Miami Heat,MISS James 17' Fadeaway Jumper,6:40
http://stats.nba.com/cvp.html?GameID=0021201049&GameEventID=309,3,,Miami Heat,Bosh REBOUND (Off:3 Def:5),6:39
http://stats.nba.com/cvp.html?GameID=0021201049&GameEventID=310,3,,Miami Heat,Bosh Traveling Turnover (P1.T7),6:38
http://stats.nba.com/cvp.html?GameID=0021201049&GameEventID=311,3,,Orlando Magic,MISS Nelson 26' 3PT Jump Shot,6:25
http://stats.nba.com/cvp.html?GameID=0021201049&GameEventID=312,3,,Miami Heat,Miller REBOUND (Off:0 Def:5),6:24
http://stats.nba.com/cvp.html?GameID=0021201049&GameEventID=313,3,,Orlando Magic,Moore STEAL (1 STL),6:16
http://stats.nba.com/cvp.html?GameID=0021201049&GameEventID=313,3,,Miami Heat,James Bad Pass Turnover (P2.T8),6:16
http://stats.nba.com/cvp.html?GameID=0021201049&GameEventID=314,3,,Miami Heat,James S.FOUL (P1.T2),6:11
http://stats.nba.com/cvp.html?GameID=0021201049&GameEventID=315,3,[ 66 - 61 ],Orlando Magic,Harris Free Throw 1 of 2 (18 PTS),6:11
http://stats.nba.com/cvp.html?GameID=0021201049&GameEventID=317,3,,Orlando Magic,MISS Harris Free Throw 2 of 2,6:11
http://stats.nba.com/cvp.html?GameID=0021201049&GameEventID=319,3,,Miami Heat,Haslem REBOUND (Off:3 Def:4),6:10
http://stats.nba.com/cvp.html?GameID=0021201049&GameEventID=320,3,,Miami Heat,MISS Chalmers 26' 3PT Jump Shot,6:00
http://stats.nba.com/cvp.html?GameID=0021201049&GameEventID=321,3,,Miami Heat,Haslem REBOUND (Off:4 Def:4),5:59
http://stats.nba.com/cvp.html?GameID=0021201049&GameEventID=322,3,[ 68 - 61 ],Miami Heat,James 10' Jump Shot (8 PTS),5:52
http://stats.nba.com/cvp.html?GameID=0021201049&GameEventID=323,3,,Orlando Magic,MAGIC Timeout: Regular (Full 3 Short 0),5:46
http://stats.nba.com/cvp.html?GameID=0021201049&GameEventID=327,3,,Orlando Magic,MISS Harkless 2' Driving Layup,5:36
http://stats.nba.com/cvp.html?GameID=0021201049&GameEventID=327,3,,Miami Heat,Haslem BLOCK (1 BLK),5:36
http://stats.nba.com/cvp.html?GameID=0021201049&GameEventID=328,3,,Orlando Magic,MAGIC Rebound,5:36
http://stats.nba.com/cvp.html?GameID=0021201049&GameEventID=329,3,,Orlando Magic,MISS Nelson 29' 3PT Jump Shot,5:22
http://stats.nba.com/cvp.html?GameID=0021201049&GameEventID=330,3,,Miami Heat,Chalmers REBOUND (Off:1 Def:2),5:21
http://stats.nba.com/cvp.html?GameID=0021201049&GameEventID=331,3,,Orlando Magic,Nelson STEAL (2 STL),5:08
http://stats.nba.com/cvp.html?GameID=0021201049&GameEventID=331,3,,Miami Heat,James Bad Pass Turnover (P3.T9),5:08
http://stats.nba.com/cvp.html?GameID=0021201049&GameEventID=332,3,,Orlando Magic,MISS Harkless 3' Layup,5:03
http://stats.nba.com/cvp.html?GameID=0021201049&GameEventID=332,3,,Miami Heat,Bosh BLOCK (1 BLK),5:03
http://stats.nba.com/cvp.html?GameID=0021201049&GameEventID=333,3,,Orlando Magic,MAGIC Rebound,5:03
http://stats.nba.com/cvp.html?GameID=0021201049&GameEventID=334,3,,Orlando Magic,MISS Moore 8' Running Jump Shot,4:51
http://stats.nba.com/cvp.html?GameID=0021201049&GameEventID=335,3,,Orlando Magic,Harkless REBOUND (Off:5 Def:4),4:48
http://stats.nba.com/cvp.html?GameID=0021201049&GameEventID=336,3,,Orlando Magic,MISS Harkless 2' Reverse Layup,4:45
http://stats.nba.com/cvp.html?GameID=0021201049&GameEventID=337,3,,Miami Heat,Haslem REBOUND (Off:4 Def:5),4:43
http://stats.nba.com/cvp.html?GameID=0021201049&GameEventID=338,3,,Orlando Magic,Harris BLOCK (1 BLK),4:25
http://stats.nba.com/cvp.html?GameID=0021201049&GameEventID=338,3,,Miami Heat,MISS Miller 5' Jump Shot,4:25
http://stats.nba.com/cvp.html?GameID=0021201049&GameEventID=339,3,,Orlando Magic,Udrih REBOUND (Off:1 Def:1),4:22
http://stats.nba.com/cvp.html?GameID=0021201049&GameEventID=340,3,,Miami Heat,Miller S.FOUL (P2.T3),4:19
http://stats.nba.com/cvp.html?GameID=0021201049&GameEventID=341,3,[ 68 - 62 ],Orlando Magic,Udrih Free Throw 1 of 2 (3 PTS),4:19
http://stats.nba.com/cvp.html?GameID=0021201049&GameEventID=343,3,[ 68 - 63 ],Orlando Magic,Udrih Free Throw 2 of 2 (4 PTS),4:19
http://stats.nba.com/cvp.html?GameID=0021201049&GameEventID=345,3,,Orlando Magic,Harkless P.FOUL (P2.T1),4:07
http://stats.nba.com/cvp.html?GameID=0021201049&GameEventID=346,3,,Miami Heat,MISS James 7' Fadeaway Jumper,3:58
http://stats.nba.com/cvp.html?GameID=0021201049&GameEventID=347,3,,Orlando Magic,Nelson REBOUND (Off:0 Def:2),3:57
http://stats.nba.com/cvp.html?GameID=0021201049&GameEventID=348,3,,Orlando Magic,MISS Harris 16' Pullup Jump Shot,3:51
http://stats.nba.com/cvp.html?GameID=0021201049&GameEventID=349,3,,Miami Heat,James REBOUND (Off:0 Def:6),3:50
http://stats.nba.com/cvp.html?GameID=0021201049&GameEventID=350,3,,Miami Heat,MISS Bosh 6' Running Hook Shot,3:37
http://stats.nba.com/cvp.html?GameID=0021201049&GameEventID=351,3,,Orlando Magic,Harris REBOUND (Off:0 Def:5),3:36
http://stats.nba.com/cvp.html?GameID=0021201049&GameEventID=352,3,[ 68 - 65 ],Orlando Magic,Moore 1' Dunk (11 PTS) (Nelson 11 AST),3:29
http://stats.nba.com/cvp.html?GameID=0021201049&GameEventID=353,3,,Miami Heat,Heat Timeout: Regular (Reg.3 Short 0),3:28
http://stats.nba.com/cvp.html?GameID=0021201049&GameEventID=355,3,,Miami Heat,SUB: Allen FOR Bosh,3:28
http://stats.nba.com/cvp.html?GameID=0021201049&GameEventID=356,3,,Miami Heat,SUB: Battier FOR Miller,3:28
http://stats.nba.com/cvp.html?GameID=0021201049&GameEventID=358,3,,Miami Heat,MISS James 2' Driving Layup,3:09
http://stats.nba.com/cvp.html?GameID=0021201049&GameEventID=359,3,,Orlando Magic,Nelson REBOUND (Off:0 Def:3),3:07
http://stats.nba.com/cvp.html?GameID=0021201049&GameEventID=360,3,[ 68 - 68 ],Orlando Magic,Nelson 25' 3PT Step Back Jump Shot (18 PTS) (Udrih 5 AST),2:59
http://stats.nba.com/cvp.html?GameID=0021201049&GameEventID=361,3,,Miami Heat,MISS Chalmers 2' Reverse Layup,2:42
http://stats.nba.com/cvp.html?GameID=0021201049&GameEventID=362,3,,Miami Heat,Haslem REBOUND (Off:5 Def:5),2:40
http://stats.nba.com/cvp.html?GameID=0021201049&GameEventID=363,3,,Miami Heat,MISS James 2' Driving Layup,2:29
http://stats.nba.com/cvp.html?GameID=0021201049&GameEventID=364,3,,Orlando Magic,Udrih REBOUND (Off:1 Def:2),2:29
http://stats.nba.com/cvp.html?GameID=0021201049&GameEventID=365,3,,Miami Heat,James P.FOUL (P2.T4),2:29
http://stats.nba.com/cvp.html?GameID=0021201049&GameEventID=367,3,,Miami Heat,SUB: Andersen FOR Haslem,2:29
http://stats.nba.com/cvp.html?GameID=0021201049&GameEventID=368,3,,Orlando Magic,MISS Nelson 2' Layup,2:08
http://stats.nba.com/cvp.html?GameID=0021201049&GameEventID=368,3,,Miami Heat,Andersen BLOCK (2 BLK),2:08
http://stats.nba.com/cvp.html?GameID=0021201049&GameEventID=369,3,,Miami Heat,Chalmers REBOUND (Off:1 Def:3),2:06
http://stats.nba.com/cvp.html?GameID=0021201049&GameEventID=370,3,[ 70 - 68 ],Miami Heat,James 2' Slam Dunk (10 PTS) (Chalmers 5 AST),2:00
http://stats.nba.com/cvp.html?GameID=0021201049&GameEventID=371,3,,Orlando Magic,Udrih Lost Ball Turnover (P1.T5),1:45
http://stats.nba.com/cvp.html?GameID=0021201049&GameEventID=371,3,,Miami Heat,Chalmers STEAL (2 STL),1:45
http://stats.nba.com/cvp.html?GameID=0021201049&GameEventID=372,3,,Orlando Magic,Harkless P.FOUL (P3.T2),1:44
http://stats.nba.com/cvp.html?GameID=0021201049&GameEventID=374,3,,Orlando Magic,Harris BLOCK (2 BLK),1:36
http://stats.nba.com/cvp.html?GameID=0021201049&GameEventID=374,3,,Miami Heat,MISS Andersen 3' Layup,1:36
http://stats.nba.com/cvp.html?GameID=0021201049&GameEventID=375,3,,Orlando Magic,Nelson REBOUND (Off:0 Def:4),1:32
http://stats.nba.com/cvp.html?GameID=0021201049&GameEventID=376,3,,Orlando Magic,MISS Harkless 2' Layup,1:32
http://stats.nba.com/cvp.html?GameID=0021201049&GameEventID=376,3,,Miami Heat,Andersen BLOCK (3 BLK),1:32
http://stats.nba.com/cvp.html?GameID=0021201049&GameEventID=377,3,,Miami Heat,Heat Rebound,1:32
http://stats.nba.com/cvp.html?GameID=0021201049&GameEventID=378,3,[ 72 - 68 ],Miami Heat,James 1' Driving Layup (12 PTS),1:12
http://stats.nba.com/cvp.html?GameID=0021201049&GameEventID=379,3,,Orlando Magic,Harkless S.FOUL (P4.PN),1:12
http://stats.nba.com/cvp.html?GameID=0021201049&GameEventID=380,3,,Miami Heat,SUB: Cole FOR Chalmers,1:12
http://stats.nba.com/cvp.html?GameID=0021201049&GameEventID=381,3,[ 73 - 68 ],Miami Heat,James Free Throw 1 of 1 (13 PTS),1:12
http://stats.nba.com/cvp.html?GameID=0021201049&GameEventID=383,3,,Orlando Magic,Harkless Bad Pass Turnover (P1.T6),0:55
http://stats.nba.com/cvp.html?GameID=0021201049&GameEventID=384,3,[ 76 - 68 ],Miami Heat,Allen 25' 3PT Jump Shot (3 PTS) (James 7 AST),0:41
http://stats.nba.com/cvp.html?GameID=0021201049&GameEventID=385,3,,Orlando Magic,MAGIC Timeout: Short (Full 3 Short 1),0:41
http://stats.nba.com/cvp.html?GameID=0021201049&GameEventID=391,3,,Orlando Magic,Harkless Bad Pass Turnover (P2.T7),0:19
http://stats.nba.com/cvp.html?GameID=0021201049&GameEventID=392,3,,Orlando Magic,Harkless P.FOUL (P5.PN),0:04
http://stats.nba.com/cvp.html?GameID=0021201049&GameEventID=393,3,,Miami Heat,MISS James Free Throw 1 of 2,0:04
http://stats.nba.com/cvp.html?GameID=0021201049&GameEventID=394,3,,Miami Heat,Heat Rebound,0:04
http://stats.nba.com/cvp.html?GameID=0021201049&GameEventID=395,3,,Orlando Magic,SUB: Lamb FOR Harkless,0:04
http://stats.nba.com/cvp.html?GameID=0021201049&GameEventID=396,3,,Miami Heat,MISS James Free Throw 2 of 2,0:04
http://stats.nba.com/cvp.html?GameID=0021201049&GameEventID=398,3,,Miami Heat,James REBOUND (Off:1 Def:6),0:02
http://stats.nba.com/cvp.html?GameID=0021201049&GameEventID=400,3,,Orlando Magic,Harris S.FOUL (P3.PN),0:02
http://stats.nba.com/cvp.html?GameID=0021201049&GameEventID=401,3,[ 77 - 68 ],Miami Heat,James Free Throw 1 of 2 (14 PTS),0:02
http://stats.nba.com/cvp.html?GameID=0021201049&GameEventID=403,3,,Orlando Magic,SUB: O'Quinn FOR Moore,0:02
http://stats.nba.com/cvp.html?GameID=0021201049&GameEventID=404,3,[ 78 - 68 ],Miami Heat,James Free Throw 2 of 2 (15 PTS),0:02
http://stats.nba.com/cvp.html?GameID=0021201049&GameEventID=410,4,,Orlando Magic,MISS Udrih 8' Running Jump Shot,11:37
http://stats.nba.com/cvp.html?GameID=0021201049&GameEventID=411,4,,Orlando Magic,MAGIC Rebound,11:36
http://stats.nba.com/cvp.html?GameID=0021201049&GameEventID=412,4,,Orlando Magic,MAGIC Turnover: Shot Clock (T#8),11:36
http://stats.nba.com/cvp.html?GameID=0021201049&GameEventID=413,4,[ 81 - 68 ],Miami Heat,Allen  3PT Jump Shot (6 PTS) (Battier 2 AST),11:21
http://stats.nba.com/cvp.html?GameID=0021201049&GameEventID=414,4,,Orlando Magic,MAGIC Timeout: Regular (Full 4 Short 1),11:18
http://stats.nba.com/cvp.html?GameID=0021201049&GameEventID=418,4,[ 81 - 70 ],Orlando Magic,O'Quinn 16' Jump Shot (10 PTS) (Nelson 12 AST),11:05
http://stats.nba.com/cvp.html?GameID=0021201049&GameEventID=419,4,,Miami Heat,MISS Allen 25' 3PT Jump Shot,10:44
http://stats.nba.com/cvp.html?GameID=0021201049&GameEventID=420,4,,Orlando Magic,Nelson REBOUND (Off:0 Def:5),10:41
http://stats.nba.com/cvp.html?GameID=0021201049&GameEventID=421,4,,Orlando Magic,Moore Bad Pass Turnover (P1.T9),10:25
http://stats.nba.com/cvp.html?GameID=0021201049&GameEventID=421,4,,Miami Heat,Battier STEAL (1 STL),10:25
http://stats.nba.com/cvp.html?GameID=0021201049&GameEventID=422,4,[ 83 - 70 ],Miami Heat,James 1' Alley Oop Dunk (17 PTS) (Cole 3 AST),10:19
http://stats.nba.com/cvp.html?GameID=0021201049&GameEventID=423,4,,Orlando Magic,Nelson Out of Bounds Lost Ball Turnover (P3.T10),10:04
http://stats.nba.com/cvp.html?GameID=0021201049&GameEventID=424,4,[ 86 - 70 ],Miami Heat,Allen 25' 3PT Jump Shot (9 PTS) (Cole 4 AST),9:57
http://stats.nba.com/cvp.html?GameID=0021201049&GameEventID=425,4,,Orlando Magic,O'Quinn Lost Ball Turnover (P2.T11),9:40
http://stats.nba.com/cvp.html?GameID=0021201049&GameEventID=425,4,,Miami Heat,James STEAL (1 STL),9:40
http://stats.nba.com/cvp.html?GameID=0021201049&GameEventID=426,4,[ 88 - 70 ],Miami Heat,Andersen 1' Alley Oop Dunk (6 PTS) (James 8 AST),9:32
http://stats.nba.com/cvp.html?GameID=0021201049&GameEventID=427,4,,Orlando Magic,MAGIC Timeout: Regular (Full 5 Short 1),9:32
http://stats.nba.com/cvp.html?GameID=0021201049&GameEventID=430,4,,Orlando Magic,SUB: Harkless FOR O'Quinn,9:32
http://stats.nba.com/cvp.html?GameID=0021201049&GameEventID=431,4,[ 88 - 72 ],Orlando Magic,Nelson 10' Floating Jump Shot (20 PTS),9:21
http://stats.nba.com/cvp.html?GameID=0021201049&GameEventID=432,4,[ 91 - 72 ],Miami Heat,Cole 24' 3PT Jump Shot (6 PTS) (James 9 AST),8:56
http://stats.nba.com/cvp.html?GameID=0021201049&GameEventID=433,4,[ 91 - 74 ],Orlando Magic,Harris 5' Running Bank Shot (20 PTS),8:41
http://stats.nba.com/cvp.html?GameID=0021201049&GameEventID=434,4,,Miami Heat,Battier S.FOUL (P1.T1),8:41
http://stats.nba.com/cvp.html?GameID=0021201049&GameEventID=435,4,,Orlando Magic,MISS Harris Free Throw 1 of 1,8:41
http://stats.nba.com/cvp.html?GameID=0021201049&GameEventID=437,4,,Miami Heat,James REBOUND (Off:1 Def:7),8:40
http://stats.nba.com/cvp.html?GameID=0021201049&GameEventID=438,4,,Miami Heat,MISS Allen  3PT Jump Shot,8:19
http://stats.nba.com/cvp.html?GameID=0021201049&GameEventID=439,4,,Orlando Magic,Moore REBOUND (Off:0 Def:7),8:17
http://stats.nba.com/cvp.html?GameID=0021201049&GameEventID=440,4,[ 91 - 77 ],Orlando Magic,Nelson 25' 3PT Jump Shot (23 PTS),8:11
http://stats.nba.com/cvp.html?GameID=0021201049&GameEventID=441,4,,Orlando Magic,Moore S.FOUL (P2.T1),7:51
http://stats.nba.com/cvp.html?GameID=0021201049&GameEventID=442,4,,Miami Heat,MISS Andersen Free Throw 1 of 2,7:51
http://stats.nba.com/cvp.html?GameID=0021201049&GameEventID=443,4,,Miami Heat,Heat Rebound,7:51
http://stats.nba.com/cvp.html?GameID=0021201049&GameEventID=444,4,[ 92 - 77 ],Miami Heat,Andersen Free Throw 2 of 2 (7 PTS),7:51
http://stats.nba.com/cvp.html?GameID=0021201049&GameEventID=446,4,[ 92 - 79 ],Orlando Magic,Nelson 20' Pullup Jump Shot (25 PTS),7:32
http://stats.nba.com/cvp.html?GameID=0021201049&GameEventID=447,4,,Orlando Magic,Moore S.FOUL (P3.T2),7:02
http://stats.nba.com/cvp.html?GameID=0021201049&GameEventID=448,4,,Miami Heat,MISS James Free Throw 1 of 2,7:02
http://stats.nba.com/cvp.html?GameID=0021201049&GameEventID=449,4,,Miami Heat,Heat Rebound,7:02
http://stats.nba.com/cvp.html?GameID=0021201049&GameEventID=450,4,,Orlando Magic,SUB: Jones FOR Harris,7:02
http://stats.nba.com/cvp.html?GameID=0021201049&GameEventID=451,4,[ 93 - 79 ],Miami Heat,James Free Throw 2 of 2 (18 PTS),7:02
http://stats.nba.com/cvp.html?GameID=0021201049&GameEventID=453,4,,Miami Heat,Cole S.FOUL (P4.T2),6:49
http://stats.nba.com/cvp.html?GameID=0021201049&GameEventID=457,4,[ 93 - 80 ],Orlando Magic,Nelson Free Throw 1 of 3 (26 PTS),6:49
http://stats.nba.com/cvp.html?GameID=0021201049&GameEventID=459,4,,Orlando Magic,MISS Nelson Free Throw 2 of 3,6:49
http://stats.nba.com/cvp.html?GameID=0021201049&GameEventID=460,4,,Orlando Magic,MAGIC Rebound,6:49
http://stats.nba.com/cvp.html?GameID=0021201049&GameEventID=461,4,[ 93 - 81 ],Orlando Magic,Nelson Free Throw 3 of 3 (27 PTS),6:49
http://stats.nba.com/cvp.html?GameID=0021201049&GameEventID=463,4,[ 95 - 81 ],Miami Heat,James 2' Driving Layup (20 PTS),6:25
http://stats.nba.com/cvp.html?GameID=0021201049&GameEventID=464,4,,Orlando Magic,MISS Moore 22' Jump Shot,6:06
http://stats.nba.com/cvp.html?GameID=0021201049&GameEventID=465,4,,Miami Heat,James REBOUND (Off:1 Def:8),6:04
http://stats.nba.com/cvp.html?GameID=0021201049&GameEventID=466,4,,Orlando Magic,Moore STEAL (2 STL),5:52
http://stats.nba.com/cvp.html?GameID=0021201049&GameEventID=466,4,,Miami Heat,Allen Bad Pass Turnover (P3.T10),5:52
http://stats.nba.com/cvp.html?GameID=0021201049&GameEventID=467,4,[ 95 - 83 ],Orlando Magic,Jones 2' Layup (2 PTS) (Moore 4 AST),5:47
http://stats.nba.com/cvp.html?GameID=0021201049&GameEventID=468,4,,Miami Heat,MISS Andersen 2' Dunk,5:22
http://stats.nba.com/cvp.html?GameID=0021201049&GameEventID=469,4,,Orlando Magic,Udrih REBOUND (Off:1 Def:3),5:20
http://stats.nba.com/cvp.html?GameID=0021201049&GameEventID=470,4,,Orlando Magic,Moore Lost Ball Turnover (P2.T12),5:11
http://stats.nba.com/cvp.html?GameID=0021201049&GameEventID=470,4,,Miami Heat,Allen STEAL (1 STL),5:11
http://stats.nba.com/cvp.html?GameID=0021201049&GameEventID=471,4,,Orlando Magic,Nelson S.FOUL (P2.T3),5:08
http://stats.nba.com/cvp.html?GameID=0021201049&GameEventID=472,4,[ 96 - 83 ],Miami Heat,James Free Throw 1 of 2 (21 PTS),5:08
http://stats.nba.com/cvp.html?GameID=0021201049&GameEventID=474,4,,Miami Heat,SUB: Bosh FOR Andersen,5:08
http://stats.nba.com/cvp.html?GameID=0021201049&GameEventID=475,4,,Miami Heat,SUB: Chalmers FOR Cole,5:08
http://stats.nba.com/cvp.html?GameID=0021201049&GameEventID=476,4,,Orlando Magic,SUB: Harris FOR Moore,5:08
http://stats.nba.com/cvp.html?GameID=0021201049&GameEventID=477,4,[ 97 - 83 ],Miami Heat,James Free Throw 2 of 2 (22 PTS),5:08
http://stats.nba.com/cvp.html?GameID=0021201049&GameEventID=479,4,,Orlando Magic,MISS Nelson 7' Floating Jump Shot,4:49
http://stats.nba.com/cvp.html?GameID=0021201049&GameEventID=480,4,,Miami Heat,Bosh REBOUND (Off:3 Def:6),4:48
http://stats.nba.com/cvp.html?GameID=0021201049&GameEventID=481,4,[ 100 - 83 ],Miami Heat,Allen 24' 3PT Jump Shot (12 PTS) (James 10 AST),4:40
http://stats.nba.com/cvp.html?GameID=0021201049&GameEventID=482,4,,Orlando Magic,MISS Harkless 24' 3PT Jump Shot,4:21
http://stats.nba.com/cvp.html?GameID=0021201049&GameEventID=483,4,,Miami Heat,Allen REBOUND (Off:0 Def:1),4:19
http://stats.nba.com/cvp.html?GameID=0021201049&GameEventID=484,4,[ 103 - 83 ],Miami Heat,Chalmers 26' 3PT Jump Shot (17 PTS) (James 11 AST),4:03
http://stats.nba.com/cvp.html?GameID=0021201049&GameEventID=485,4,,Orlando Magic,MAGIC Timeout: Regular (Full 6 Short 1),4:01
http://stats.nba.com/cvp.html?GameID=0021201049&GameEventID=488,4,,Orlando Magic,SUB: Lamb FOR Harris,4:01
http://stats.nba.com/cvp.html?GameID=0021201049&GameEventID=490,4,,Orlando Magic,SUB: O'Quinn FOR Harkless,4:01
http://stats.nba.com/cvp.html?GameID=0021201049&GameEventID=491,4,,Orlando Magic,SUB: Moore FOR Nelson,4:01
http://stats.nba.com/cvp.html?GameID=0021201049&GameEventID=492,4,[ 103 - 85 ],Orlando Magic,Moore 10' Jump Bank Shot (13 PTS),3:47
http://stats.nba.com/cvp.html?GameID=0021201049&GameEventID=493,4,[ 105 - 85 ],Miami Heat,James 20' Turnaround Fadeaway (24 PTS),3:21
http://stats.nba.com/cvp.html?GameID=0021201049&GameEventID=494,4,,Orlando Magic,MISS Moore 25' 3PT Jump Shot,3:04
http://stats.nba.com/cvp.html?GameID=0021201049&GameEventID=495,4,,Orlando Magic,MAGIC Rebound,3:04
http://stats.nba.com/cvp.html?GameID=0021201049&GameEventID=496,4,,Miami Heat,SUB: Lewis FOR James,3:04
http://stats.nba.com/cvp.html?GameID=0021201049&GameEventID=498,4,,Miami Heat,SUB: Howard FOR Bosh,3:04
http://stats.nba.com/cvp.html?GameID=0021201049&GameEventID=499,4,[ 105 - 87 ],Orlando Magic,Jones 10' Running Jump Shot (4 PTS) (Moore 5 AST),2:52
http://stats.nba.com/cvp.html?GameID=0021201049&GameEventID=500,4,,Orlando Magic,Moore BLOCK (1 BLK),2:35
http://stats.nba.com/cvp.html?GameID=0021201049&GameEventID=500,4,,Miami Heat,MISS Howard 3' Jump Shot,2:35
http://stats.nba.com/cvp.html?GameID=0021201049&GameEventID=501,4,,Orlando Magic,Moore REBOUND (Off:0 Def:8),2:32
http://stats.nba.com/cvp.html?GameID=0021201049&GameEventID=502,4,[ 105 - 89 ],Orlando Magic,Jones 2' Layup (6 PTS) (Moore 6 AST),2:29
http://stats.nba.com/cvp.html?GameID=0021201049&GameEventID=503,4,,Orlando Magic,Jones BLOCK (2 BLK),2:06
http://stats.nba.com/cvp.html?GameID=0021201049&GameEventID=503,4,,Miami Heat,MISS Lewis 9' Jump Shot,2:06
http://stats.nba.com/cvp.html?GameID=0021201049&GameEventID=504,4,,Orlando Magic,Jones REBOUND (Off:1 Def:1),2:03
http://stats.nba.com/cvp.html?GameID=0021201049&GameEventID=505,4,,Orlando Magic,Jones Bad Pass Turnover (P1.T13),2:03
http://stats.nba.com/cvp.html?GameID=0021201049&GameEventID=505,4,,Miami Heat,Chalmers STEAL (3 STL),2:03
http://stats.nba.com/cvp.html?GameID=0021201049&GameEventID=507,4,,Miami Heat,MISS Lewis 24' 3PT Jump Shot,1:49
http://stats.nba.com/cvp.html?GameID=0021201049&GameEventID=508,4,,Orlando Magic,Moore REBOUND (Off:0 Def:9),1:48
http://stats.nba.com/cvp.html?GameID=0021201049&GameEventID=509,4,,Miami Heat,Battier Personal Take Foul (P2.T3),1:48
http://stats.nba.com/cvp.html?GameID=0021201049&GameEventID=510,4,,Miami Heat,SUB: Jones FOR Battier,1:48
http://stats.nba.com/cvp.html?GameID=0021201049&GameEventID=511,4,,Miami Heat,SUB: Anthony FOR Allen,1:48
http://stats.nba.com/cvp.html?GameID=0021201049&GameEventID=512,4,,Miami Heat,SUB: Cole FOR Chalmers,1:48
http://stats.nba.com/cvp.html?GameID=0021201049&GameEventID=513,4,[ 105 - 91 ],Orlando Magic,Udrih 2' Driving Layup (6 PTS),1:42
http://stats.nba.com/cvp.html?GameID=0021201049&GameEventID=514,4,,Orlando Magic,Moore STEAL (3 STL),1:21
http://stats.nba.com/cvp.html?GameID=0021201049&GameEventID=514,4,,Miami Heat,Cole Lost Ball Turnover (P1.T11),1:21
http://stats.nba.com/cvp.html?GameID=0021201049&GameEventID=516,4,[ 105 - 93 ],Orlando Magic,O'Quinn 1' Layup (12 PTS) (Moore 7 AST),1:17
http://stats.nba.com/cvp.html?GameID=0021201049&GameEventID=517,4,[ 108 - 93 ],Miami Heat,Cole 27' 3PT Jump Shot (9 PTS) (Jones 1 AST),1:06
http://stats.nba.com/cvp.html?GameID=0021201049&GameEventID=518,4,,Orlando Magic,MISS Moore 8' Running Hook Shot,0:54
http://stats.nba.com/cvp.html?GameID=0021201049&GameEventID=519,4,,Miami Heat,Anthony REBOUND (Off:0 Def:1),0:51
http://stats.nba.com/cvp.html?GameID=0021201049&GameEventID=521,4,,Orlando Magic,Jones STEAL (1 STL),0:30
http://stats.nba.com/cvp.html?GameID=0021201049&GameEventID=521,4,,Miami Heat,Howard Bad Pass Turnover (P1.T12),0:30
http://stats.nba.com/cvp.html?GameID=0021201049&GameEventID=522,4,,Miami Heat,Howard P.FOUL (P1.PN),0:30
http://stats.nba.com/cvp.html?GameID=0021201049&GameEventID=523,4,,Orlando Magic,MISS Udrih Free Throw 1 of 2,0:30
http://stats.nba.com/cvp.html?GameID=0021201049&GameEventID=524,4,,Orlando Magic,MAGIC Rebound,0:30
http://stats.nba.com/cvp.html?GameID=0021201049&GameEventID=525,4,[ 108 - 94 ],Orlando Magic,Udrih Free Throw 2 of 2 (7 PTS),0:30
http://stats.nba.com/cvp.html?GameID=0021201049&GameEventID=527,4,,Miami Heat,MISS Jones 26' 3PT Jump Shot,0:10
http://stats.nba.com/cvp.html?GameID=0021201049&GameEventID=528,4,,Orlando Magic,Lamb REBOUND (Off:1 Def:2),0:08
http://stats.nba.com/cvp.html?GameID=0021201049&GameEventID=530,4,,Orlando Magic,MISS Lamb 28' 3PT Jump Shot,0:00
http://stats.nba.com/cvp.html?GameID=0021201049&GameEventID=531,4,,Orlando Magic,MAGIC Rebound,0:00
