a1, a2, a3, a4, a5, h1, h2, h3, h4, h5, quarter, time, team, eventtype, assist, awayjumpball, block, entered, homejumpball, left, numfreeshot, opponent, outof, player, points, possession, reason, result, steal, type, x, y, score, shotdistance, url 
,,,,,,,,,,1,12.00,Los Angeles Clippers,jumpball,,Howard,,,Jordan,,,,,,,,,,,,,,,,http://stats.nba.com/cvp.html?GameID=0021200488&GameEventID=1
,,,,,,,,,,1,11.48,Los Angeles Lakers,turnover,,,,,,,,,,Gasol,,,Bad Pass,,Jordan,,,,,,http://stats.nba.com/cvp.html?GameID=0021200488&GameEventID=2
,,,,,,,,,,1,11.33,Los Angeles Clippers,shot,Paul,,,,,,,,,Griffin,2,,,made,,Reverse Layup,,,0-2,3,http://stats.nba.com/cvp.html?GameID=0021200488&GameEventID=3
,,,,,,,,,,1,11.22,Los Angeles Lakers,shot,,,,,,,,,,Gasol,,,,missed,,3PT Jump Shot,,,0-2,26,http://stats.nba.com/cvp.html?GameID=0021200488&GameEventID=4
,,,,,,,,,,1,11.21,Los Angeles Clippers,rebound,,,,,,,,,,Paul,,,,,,,,,0-2,,http://stats.nba.com/cvp.html?GameID=0021200488&GameEventID=5
,,,,,,,,,,1,11.10,Los Angeles Clippers,shot,,,,,,,,,,Butler,,,,missed,,3PT Jump Shot,,,0-2,25,http://stats.nba.com/cvp.html?GameID=0021200488&GameEventID=6
,,,,,,,,,,1,11.09,Los Angeles Clippers,rebound,,,,,,,,,,Jordan,,,,,,,,,0-2,,http://stats.nba.com/cvp.html?GameID=0021200488&GameEventID=8
,,,,,,,,,,1,11.09,Los Angeles Clippers,shot,,,,,,,,,,Jordan,,,,missed,,Tip Shot,,,0-2,2,http://stats.nba.com/cvp.html?GameID=0021200488&GameEventID=7
,,,,,,,,,,1,11.08,Los Angeles Clippers,rebound,,,,,,,,,,Jordan,,,,,,,,,0-2,,http://stats.nba.com/cvp.html?GameID=0021200488&GameEventID=10
,,,,,,,,,,1,11.08,Los Angeles Clippers,shot,,,,,,,,,,Jordan,2,,,made,,Layup,,,0-4,2,http://stats.nba.com/cvp.html?GameID=0021200488&GameEventID=9
,,,,,,,,,,1,10.54,Los Angeles Clippers,foul,,,,,,,,,,Butler,,,,,,Personal,,,0-4,,http://stats.nba.com/cvp.html?GameID=0021200488&GameEventID=11
,,,,,,,,,,1,10.46,Los Angeles Lakers,shot,,,,,,,,,,Howard,2,,,made,,Dunk,,,2-4,2,http://stats.nba.com/cvp.html?GameID=0021200488&GameEventID=12
,,,,,,,,,,1,10.20,Los Angeles Clippers,shot,,,,,,,,,,Griffin,,,,missed,,Jump Shot,,,2-4,21,http://stats.nba.com/cvp.html?GameID=0021200488&GameEventID=13
,,,,,,,,,,1,10.19,Los Angeles Lakers,rebound,,,,,,,,,,World Peace,,,,,,,,,2-4,,http://stats.nba.com/cvp.html?GameID=0021200488&GameEventID=14
,,,,,,,,,,1,10.10,Los Angeles Clippers,foul,,,,,,,,,,Griffin,,,,,,Shooting,,,2-4,,http://stats.nba.com/cvp.html?GameID=0021200488&GameEventID=15
,,,,,,,,,,1,10.10,Los Angeles Lakers,free throw,,,,,,,1,,2,Howard,,,foul,missed,,,,,2-4,,http://stats.nba.com/cvp.html?GameID=0021200488&GameEventID=16
,,,,,,,,,,1,10.10,Los Angeles Lakers,rebound,,,,,,,,,,,,,,,,,,,2-4,,http://stats.nba.com/cvp.html?GameID=0021200488&GameEventID=17
,,,,,,,,,,1,10.10,Los Angeles Lakers,free throw,,,,,,,2,,2,Howard,,,foul,missed,,,,,2-4,,http://stats.nba.com/cvp.html?GameID=0021200488&GameEventID=18
,,,,,,,,,,1,10.08,Los Angeles Clippers,rebound,,,,,,,,,,Griffin,,,,,,,,,2-4,,http://stats.nba.com/cvp.html?GameID=0021200488&GameEventID=20
,,,,,,,,,,1,9.52,Los Angeles Lakers,foul,,,,,,,,,,Howard,,,,,,Shooting,,,2-4,,http://stats.nba.com/cvp.html?GameID=0021200488&GameEventID=21
,,,,,,,,,,1,9.52,Los Angeles Clippers,free throw,,,,,,,1,,2,Griffin,1,,foul,made,,,,,2-5,,http://stats.nba.com/cvp.html?GameID=0021200488&GameEventID=23
,,,,,,,,,,1,9.52,Los Angeles Clippers,free throw,,,,,,,2,,2,Griffin,1,,foul,made,,,,,2-6,,http://stats.nba.com/cvp.html?GameID=0021200488&GameEventID=25
,,,,,,,,,,1,9.36,Los Angeles Lakers,shot,,,,,,,,,,World Peace,,,,missed,,3PT Jump Shot,,,2-6,26,http://stats.nba.com/cvp.html?GameID=0021200488&GameEventID=28
,,,,,,,,,,1,9.34,Los Angeles Clippers,rebound,,,,,,,,,,Paul,,,,,,,,,2-6,,http://stats.nba.com/cvp.html?GameID=0021200488&GameEventID=29
,,,,,,,,,,1,9.30,Los Angeles Clippers,shot,Paul,,,,,,,,,Jordan,2,,,made,,Alley Oop Dunk,,,2-8,4,http://stats.nba.com/cvp.html?GameID=0021200488&GameEventID=30
,,,,,,,,,,1,9.17,Los Angeles Lakers,shot,Nash,,,,,,,,,Howard,2,,,made,,Layup,,,4-8,3,http://stats.nba.com/cvp.html?GameID=0021200488&GameEventID=31
,,,,,,,,,,1,9.06,Los Angeles Clippers,shot,,,,,,,,,,Paul,,,,missed,,3PT Jump Shot,,,4-8,28,http://stats.nba.com/cvp.html?GameID=0021200488&GameEventID=32
,,,,,,,,,,1,9.06,Los Angeles Lakers,rebound,,,,,,,,,,,,,,,,,,,4-8,,http://stats.nba.com/cvp.html?GameID=0021200488&GameEventID=33
,,,,,,,,,,1,8.54,Los Angeles Lakers,shot,Nash,,,,,,,,,Gasol,2,,,made,,Jump Shot,,,6-8,21,http://stats.nba.com/cvp.html?GameID=0021200488&GameEventID=34
,,,,,,,,,,1,8.34,Los Angeles Clippers,shot,Green,,,,,,,,,Paul,2,,,made,,Jump Shot,,,6-10,20,http://stats.nba.com/cvp.html?GameID=0021200488&GameEventID=35
,,,,,,,,,,1,8.28,Los Angeles Lakers,turnover,,,,,,,,,,Nash,,,Bad Pass,,Paul,,,,6-10,,http://stats.nba.com/cvp.html?GameID=0021200488&GameEventID=36
,,,,,,,,,,1,8.25,Los Angeles Clippers,shot,Paul,,,,,,,,,Griffin,2,,,made,,Alley Oop Dunk,,,6-12,3,http://stats.nba.com/cvp.html?GameID=0021200488&GameEventID=37
,,,,,,,,,,1,8.24,Los Angeles Clippers,violation,,,,,,,,,,CLIPPERS,,, Delay of game Violation,,,,,,6-12,,http://stats.nba.com/cvp.html?GameID=0021200488&GameEventID=38
,,,,,,,,,,1,8.14,Los Angeles Lakers,shot,,,,,,,,,,Howard,,,,missed,,Running Layup,,,6-12,3,http://stats.nba.com/cvp.html?GameID=0021200488&GameEventID=39
,,,,,,,,,,1,8.10,Los Angeles Clippers,rebound,,,,,,,,,,Paul,,,,,,,,,6-12,,http://stats.nba.com/cvp.html?GameID=0021200488&GameEventID=40
,,,,,,,,,,1,8.10,Los Angeles Lakers,foul,,,,,,,,,,Gasol,,,,,,Personal,,,6-12,,http://stats.nba.com/cvp.html?GameID=0021200488&GameEventID=41
,,,,,,,,,,1,7.57,Los Angeles Clippers,shot,,,Howard,,,,,,,Paul,,,,missed,,Jump Shot,,,6-12,8,http://stats.nba.com/cvp.html?GameID=0021200488&GameEventID=42
,,,,,,,,,,1,7.56,Los Angeles Lakers,rebound,,,,,,,,,,,,,,,,,,,6-12,,http://stats.nba.com/cvp.html?GameID=0021200488&GameEventID=43
,,,,,,,,,,1,7.42,Los Angeles Lakers,shot,,,,,,,,,,Howard,2,,,made,,Driving Reverse Layup,,,8-12,3,http://stats.nba.com/cvp.html?GameID=0021200488&GameEventID=44
,,,,,,,,,,1,7.20,Los Angeles Clippers,shot,,,,,,,,,,Griffin,,,,missed,,Jump Shot,,,8-12,11,http://stats.nba.com/cvp.html?GameID=0021200488&GameEventID=45
,,,,,,,,,,1,7.20,Los Angeles Lakers,rebound,,,,,,,,,,Howard,,,,,,,,,8-12,,http://stats.nba.com/cvp.html?GameID=0021200488&GameEventID=46
,,,,,,,,,,1,7.20,Los Angeles Clippers,foul,,,,,,,,,,Jordan,,,,,,Loose ball,,,8-12,,http://stats.nba.com/cvp.html?GameID=0021200488&GameEventID=47
,,,,,,,,,,1,7.20,Los Angeles Lakers,substitute,,,,Jamison,,Gasol,,,,,,,,,,,,,8-12,,http://stats.nba.com/cvp.html?GameID=0021200488&GameEventID=48
,,,,,,,,,,1,7.07,Los Angeles Lakers,turnover,,,,,,,,,,Howard,,,Traveling,,,,,,8-12,,http://stats.nba.com/cvp.html?GameID=0021200488&GameEventID=50
,,,,,,,,,,1,6.56,Los Angeles Clippers,shot,,,,,,,,,,Butler,,,,missed,,3PT Jump Shot,,,8-12,26,http://stats.nba.com/cvp.html?GameID=0021200488&GameEventID=51
,,,,,,,,,,1,6.55,Los Angeles Lakers,rebound,,,,,,,,,,Jamison,,,,,,,,,8-12,,http://stats.nba.com/cvp.html?GameID=0021200488&GameEventID=52
,,,,,,,,,,1,6.48,Los Angeles Lakers,shot,,,,,,,,,,Bryant,,,,missed,,Jump Shot,,,8-12,21,http://stats.nba.com/cvp.html?GameID=0021200488&GameEventID=53
,,,,,,,,,,1,6.47,Los Angeles Lakers,rebound,,,,,,,,,,Howard,,,,,,,,,8-12,,http://stats.nba.com/cvp.html?GameID=0021200488&GameEventID=54
,,,,,,,,,,1,6.43,Los Angeles Lakers,shot,,,,,,,,,,Howard,,,,missed,,Jump Shot,,,8-12,9,http://stats.nba.com/cvp.html?GameID=0021200488&GameEventID=55
,,,,,,,,,,1,6.42,Los Angeles Clippers,rebound,,,,,,,,,,Griffin,,,,,,,,,8-12,,http://stats.nba.com/cvp.html?GameID=0021200488&GameEventID=56
,,,,,,,,,,1,6.36,Los Angeles Clippers,shot,,,Peace,,,,,,,Griffin,,,,missed,,Jump Shot,,,8-12,5,http://stats.nba.com/cvp.html?GameID=0021200488&GameEventID=57
,,,,,,,,,,1,6.35,Los Angeles Lakers,rebound,,,,,,,,,,,,,,,,,,,8-12,,http://stats.nba.com/cvp.html?GameID=0021200488&GameEventID=58
,,,,,,,,,,1,6.35,Los Angeles Clippers,foul,,,,,,,,,,Griffin,,,,,,Loose ball,,,8-12,,http://stats.nba.com/cvp.html?GameID=0021200488&GameEventID=59
,,,,,,,,,,1,6.35,Los Angeles Lakers,timeout,,,,,,,,,,,,,,,,,,,8-12,,http://stats.nba.com/cvp.html?GameID=0021200488&GameEventID=60
,,,,,,,,,,1,6.35,Los Angeles Clippers,substitute,,,,Odom,,Griffin,,,,,,,,,,,,,8-12,,http://stats.nba.com/cvp.html?GameID=0021200488&GameEventID=62
,,,,,,,,,,1,6.20,Los Angeles Lakers,turnover,,,,,,,,,,Bryant,,,Bad Pass,,Odom,,,,8-12,,http://stats.nba.com/cvp.html?GameID=0021200488&GameEventID=63
,,,,,,,,,,1,6.15,Los Angeles Clippers,shot,Paul,,,,,,,,,Green,2,,,made,,Jump Shot,,,8-14,19,http://stats.nba.com/cvp.html?GameID=0021200488&GameEventID=64
,,,,,,,,,,1,6.03,Los Angeles Clippers,violation,,,,,,,,,,Paul,,,Kicked Ball,,,,,,8-14,,http://stats.nba.com/cvp.html?GameID=0021200488&GameEventID=65
,,,,,,,,,,1,5.55,Los Angeles Clippers,foul,,,,,,,,,,Odom,,,,,,Personal,,,8-14,,http://stats.nba.com/cvp.html?GameID=0021200488&GameEventID=66
,,,,,,,,,,1,5.55,Los Angeles Lakers,free throw,,,,,,,1,,2,Howard,1,,foul,made,,,,,9-14,,http://stats.nba.com/cvp.html?GameID=0021200488&GameEventID=67
,,,,,,,,,,1,5.55,Los Angeles Lakers,substitute,,,,Meeks,,World Peace,,,,,,,,,,,,,9-14,,http://stats.nba.com/cvp.html?GameID=0021200488&GameEventID=69
,,,,,,,,,,1,5.55,Los Angeles Lakers,free throw,,,,,,,2,,2,Howard,1,,foul,made,,,,,10-14,,http://stats.nba.com/cvp.html?GameID=0021200488&GameEventID=70
,,,,,,,,,,1,5.35,Los Angeles Clippers,foul,,,,,,,,,,,,,,,,,,,10-14,,http://stats.nba.com/cvp.html?GameID=0021200488&GameEventID=74
,,,,,,,,,,1,5.35,Los Angeles Clippers,turnover,,,,,,,,,,Jordan,,,Foul,,,,,,10-14,,http://stats.nba.com/cvp.html?GameID=0021200488&GameEventID=75
,,,,,,,,,,1,5.35,Los Angeles Clippers,substitute,,,,Turiaf,,Jordan,,,,,,,,,,,,,10-14,,http://stats.nba.com/cvp.html?GameID=0021200488&GameEventID=76
,,,,,,,,,,1,5.24,Los Angeles Lakers,shot,,,,,,,,,,Bryant,,,,missed,,Jump Shot,,,10-14,21,http://stats.nba.com/cvp.html?GameID=0021200488&GameEventID=77
,,,,,,,,,,1,5.22,Los Angeles Clippers,rebound,,,,,,,,,,Turiaf,,,,,,,,,10-14,,http://stats.nba.com/cvp.html?GameID=0021200488&GameEventID=78
,,,,,,,,,,1,5.13,Los Angeles Clippers,turnover,,,,,,,,,,Paul,,,Bad Pass,,Bryant,,,,10-14,,http://stats.nba.com/cvp.html?GameID=0021200488&GameEventID=79
,,,,,,,,,,1,5.08,Los Angeles Lakers,shot,,,,,,,,,,Bryant,2,,,made,,Driving Dunk,,,12-14,3,http://stats.nba.com/cvp.html?GameID=0021200488&GameEventID=80
,,,,,,,,,,1,4.54,Los Angeles Lakers,foul,,,,,,,,,,Meeks,,,,,,Shooting,,,12-14,,http://stats.nba.com/cvp.html?GameID=0021200488&GameEventID=81
,,,,,,,,,,1,4.54,Los Angeles Clippers,free throw,,,,,,,1,,2,Butler,1,,foul,made,,,,,12-15,,http://stats.nba.com/cvp.html?GameID=0021200488&GameEventID=82
,,,,,,,,,,1,4.54,Los Angeles Clippers,free throw,,,,,,,2,,2,Butler,,,foul,missed,,,,,12-15,,http://stats.nba.com/cvp.html?GameID=0021200488&GameEventID=83
,,,,,,,,,,1,4.52,Los Angeles Lakers,rebound,,,,,,,,,,Howard,,,,,,,,,12-15,,http://stats.nba.com/cvp.html?GameID=0021200488&GameEventID=85
,,,,,,,,,,1,4.32,Los Angeles Lakers,shot,,,,,,,,,,Meeks,,,,missed,,3PT Jump Shot,,,12-15,,http://stats.nba.com/cvp.html?GameID=0021200488&GameEventID=86
,,,,,,,,,,1,4.31,Los Angeles Clippers,rebound,,,,,,,,,,Green,,,,,,,,,12-15,,http://stats.nba.com/cvp.html?GameID=0021200488&GameEventID=87
,,,,,,,,,,1,4.22,Los Angeles Lakers,violation,,,,,,,,,,Howard,,,Defensive Goaltending,,,,,,12-15,,http://stats.nba.com/cvp.html?GameID=0021200488&GameEventID=89
,,,,,,,,,,1,4.22,Los Angeles Clippers,shot,Paul,,,,,,,,,Green,2,,,made,,Reverse Layup,,,12-17,3,http://stats.nba.com/cvp.html?GameID=0021200488&GameEventID=88
,,,,,,,,,,1,4.06,Los Angeles Lakers,shot,,,,,,,,,,Meeks,,,,missed,,3PT Jump Shot,,,12-17,,http://stats.nba.com/cvp.html?GameID=0021200488&GameEventID=90
,,,,,,,,,,1,4.05,Los Angeles Lakers,rebound,,,,,,,,,,,,,,,,,,,12-17,,http://stats.nba.com/cvp.html?GameID=0021200488&GameEventID=91
,,,,,,,,,,1,4.05,Los Angeles Clippers,foul,,,,,,,,,,Turiaf,,,,,,Loose ball,,,12-17,,http://stats.nba.com/cvp.html?GameID=0021200488&GameEventID=92
,,,,,,,,,,1,4.05,Los Angeles Lakers,free throw,,,,,,,1,,2,Howard,,,foul,missed,,,,,12-17,,http://stats.nba.com/cvp.html?GameID=0021200488&GameEventID=93
,,,,,,,,,,1,4.05,Los Angeles Lakers,rebound,,,,,,,,,,,,,,,,,,,12-17,,http://stats.nba.com/cvp.html?GameID=0021200488&GameEventID=95
,,,,,,,,,,1,4.05,Los Angeles Lakers,substitute,,,,Hill,,Jamison,,,,,,,,,,,,,12-17,,http://stats.nba.com/cvp.html?GameID=0021200488&GameEventID=94
,,,,,,,,,,1,4.05,Los Angeles Lakers,free throw,,,,,,,2,,2,Howard,1,,foul,made,,,,,13-17,,http://stats.nba.com/cvp.html?GameID=0021200488&GameEventID=96
,,,,,,,,,,1,3.52,Los Angeles Lakers,foul,,,,,,,,,,Bryant,,,,,,Shooting,,,13-17,,http://stats.nba.com/cvp.html?GameID=0021200488&GameEventID=98
,,,,,,,,,,1,3.52,Los Angeles Clippers,free throw,,,,,,,1,,2,Butler,1,,foul,made,,,,,13-18,,http://stats.nba.com/cvp.html?GameID=0021200488&GameEventID=99
,,,,,,,,,,1,3.52,Los Angeles Lakers,substitute,,,,Gasol,,Howard,,,,,,,,,,,,,13-18,,http://stats.nba.com/cvp.html?GameID=0021200488&GameEventID=101
,,,,,,,,,,1,3.52,Los Angeles Clippers,free throw,,,,,,,2,,2,Butler,1,,foul,made,,,,,13-19,,http://stats.nba.com/cvp.html?GameID=0021200488&GameEventID=102
,,,,,,,,,,1,3.33,Los Angeles Lakers,shot,,,,,,,,,,Bryant,,,,missed,,Jump Shot,,,13-19,10,http://stats.nba.com/cvp.html?GameID=0021200488&GameEventID=104
,,,,,,,,,,1,3.32,Los Angeles Lakers,rebound,,,,,,,,,,Hill,,,,,,,,,13-19,,http://stats.nba.com/cvp.html?GameID=0021200488&GameEventID=105
,,,,,,,,,,1,3.28,Los Angeles Lakers,shot,,,,,,,,,,Meeks,,,,missed,,3PT Jump Shot,,,13-19,26,http://stats.nba.com/cvp.html?GameID=0021200488&GameEventID=106
,,,,,,,,,,1,3.27,Los Angeles Clippers,rebound,,,,,,,,,,Odom,,,,,,,,,13-19,,http://stats.nba.com/cvp.html?GameID=0021200488&GameEventID=107
,,,,,,,,,,1,3.19,Los Angeles Clippers,shot,,,Gasol,,,,,,,Green,,,,missed,,Floating Jump Shot,,,13-19,6,http://stats.nba.com/cvp.html?GameID=0021200488&GameEventID=108
,,,,,,,,,,1,3.16,Los Angeles Clippers,rebound,,,,,,,,,,Turiaf,,,,,,,,,13-19,,http://stats.nba.com/cvp.html?GameID=0021200488&GameEventID=109
,,,,,,,,,,1,3.12,Los Angeles Lakers,violation,,,,,,,,,,Hill,,,Defensive Goaltending,,,,,,13-19,,http://stats.nba.com/cvp.html?GameID=0021200488&GameEventID=111
,,,,,,,,,,1,3.12,Los Angeles Clippers,shot,,,,,,,,,,Paul,2,,,made,,Layup,,,13-21,2,http://stats.nba.com/cvp.html?GameID=0021200488&GameEventID=110
,,,,,,,,,,1,2.59,Los Angeles Lakers,shot,Nash,,,,,,,,,Bryant,2,,,made,,Jump Shot,,,15-21,14,http://stats.nba.com/cvp.html?GameID=0021200488&GameEventID=113
,,,,,,,,,,1,2.32,Los Angeles Clippers,shot,Paul,,,,,,,,,Butler,2,,,made,,Turnaround Jump Shot,,,15-23,10,http://stats.nba.com/cvp.html?GameID=0021200488&GameEventID=114
,,,,,,,,,,1,2.24,Los Angeles Lakers,shot,,,,,,,,,,Meeks,,,,missed,,Jump Shot,,,15-23,3,http://stats.nba.com/cvp.html?GameID=0021200488&GameEventID=115
,,,,,,,,,,1,2.22,Los Angeles Lakers,rebound,,,,,,,,,,Meeks,,,,,,,,,15-23,,http://stats.nba.com/cvp.html?GameID=0021200488&GameEventID=117
,,,,,,,,,,1,2.22,Los Angeles Lakers,shot,,,,,,,,,,Meeks,,,,missed,,Tip Shot,,,15-23,3,http://stats.nba.com/cvp.html?GameID=0021200488&GameEventID=116
,,,,,,,,,,1,2.22,Los Angeles Lakers,rebound,,,,,,,,,,Hill,,,,,,,,,15-23,,http://stats.nba.com/cvp.html?GameID=0021200488&GameEventID=118
,,,,,,,,,,1,2.22,Los Angeles Clippers,foul,,,,,,,,,,Green,,,,,,Personal,,,15-23,,http://stats.nba.com/cvp.html?GameID=0021200488&GameEventID=119
,,,,,,,,,,1,2.22,Los Angeles Clippers,timeout,,,,,,,,,,,,,,,,,,,15-23,,http://stats.nba.com/cvp.html?GameID=0021200488&GameEventID=120
,,,,,,,,,,1,2.22,Los Angeles Clippers,substitute,,,,Barnes,,Green,,,,,,,,,,,,,15-23,,http://stats.nba.com/cvp.html?GameID=0021200488&GameEventID=122
,,,,,,,,,,1,2.22,Los Angeles Lakers,substitute,,,,Morris,,Nash,,,,,,,,,,,,,15-23,,http://stats.nba.com/cvp.html?GameID=0021200488&GameEventID=123
,,,,,,,,,,1,2.22,Los Angeles Lakers,substitute,,,,World Peace,,Meeks,,,,,,,,,,,,,15-23,,http://stats.nba.com/cvp.html?GameID=0021200488&GameEventID=124
,,,,,,,,,,1,2.22,Los Angeles Lakers,free throw,,,,,,,1,,2,Hill,1,,foul,made,,,,,16-23,,http://stats.nba.com/cvp.html?GameID=0021200488&GameEventID=125
,,,,,,,,,,1,2.22,Los Angeles Lakers,free throw,,,,,,,2,,2,Hill,,,foul,missed,,,,,16-23,,http://stats.nba.com/cvp.html?GameID=0021200488&GameEventID=127
,,,,,,,,,,1,2.21,Los Angeles Clippers,rebound,,,,,,,,,,Barnes,,,,,,,,,16-23,,http://stats.nba.com/cvp.html?GameID=0021200488&GameEventID=129
,,,,,,,,,,1,2.06,Los Angeles Clippers,shot,,,,,,,,,,Paul,,,,missed,,Jump Shot,,,16-23,20,http://stats.nba.com/cvp.html?GameID=0021200488&GameEventID=130
,,,,,,,,,,1,2.05,Los Angeles Clippers,rebound,,,,,,,,,,,,,,,,,,,16-23,,http://stats.nba.com/cvp.html?GameID=0021200488&GameEventID=131
,,,,,,,,,,1,2.03,Los Angeles Clippers,shot,Paul,,,,,,,,,Turiaf,2,,,made,,Slam Dunk,,,16-25,3,http://stats.nba.com/cvp.html?GameID=0021200488&GameEventID=133
,,,,,,,,,,1,1.46,Los Angeles Lakers,shot,Gasol,,,,,,,,,Bryant,2,,,made,,Fadeaway Jumper,,,18-25,20,http://stats.nba.com/cvp.html?GameID=0021200488&GameEventID=134
,,,,,,,,,,1,1.36,Los Angeles Clippers,turnover,,,,,,,,,,Butler,,,Bad Pass,,Bryant,,,,18-25,,http://stats.nba.com/cvp.html?GameID=0021200488&GameEventID=135
,,,,,,,,,,1,1.30,Los Angeles Lakers,shot,Bryant,,,,,,,,,World Peace,2,,,made,,Layup,,,20-25,4,http://stats.nba.com/cvp.html?GameID=0021200488&GameEventID=136
,,,,,,,,,,1,1.11,Los Angeles Clippers,shot,Barnes,,,,,,,,,Odom,2,,,made,,Floating Jump Shot,,,20-27,3,http://stats.nba.com/cvp.html?GameID=0021200488&GameEventID=137
,,,,,,,,,,1,0.50,Los Angeles Lakers,shot,,,,,,,,,,Gasol,,,,missed,,3PT Jump Shot,,,20-27,27,http://stats.nba.com/cvp.html?GameID=0021200488&GameEventID=138
,,,,,,,,,,1,0.48,Los Angeles Clippers,rebound,,,,,,,,,,Barnes,,,,,,,,,20-27,,http://stats.nba.com/cvp.html?GameID=0021200488&GameEventID=139
,,,,,,,,,,1,0.28,Los Angeles Clippers,turnover,,,,,,,,,,Barnes,,,Lost Ball,,Bryant,,,,20-27,,http://stats.nba.com/cvp.html?GameID=0021200488&GameEventID=140
,,,,,,,,,,1,0.23,Los Angeles Lakers,shot,,,,,,,,,,World Peace,,,,missed,,Driving Layup,,,20-27,3,http://stats.nba.com/cvp.html?GameID=0021200488&GameEventID=141
,,,,,,,,,,1,0.23,Los Angeles Lakers,rebound,,,,,,,,,,Hill,,,,,,,,,20-27,,http://stats.nba.com/cvp.html?GameID=0021200488&GameEventID=143
,,,,,,,,,,1,0.23,Los Angeles Lakers,shot,,,,,,,,,,Hill,2,,,made,,Tip Shot,,,22-27,3,http://stats.nba.com/cvp.html?GameID=0021200488&GameEventID=142
,,,,,,,,,,1,0.10,Los Angeles Clippers,shot,Odom,,,,,,,,,Turiaf,2,,,made,,Layup,,,22-29,3,http://stats.nba.com/cvp.html?GameID=0021200488&GameEventID=144
,,,,,,,,,,1,0.00,Los Angeles Lakers,shot,,,Barnes,,,,,,,Bryant,,,,missed,,Jump Shot,,,22-29,19,http://stats.nba.com/cvp.html?GameID=0021200488&GameEventID=145
,,,,,,,,,,1,0.00,Los Angeles Clippers,rebound,,,,,,,,,,Turiaf,,,,,,,,,22-29,,http://stats.nba.com/cvp.html?GameID=0021200488&GameEventID=146
,,,,,,,,,,2,11.38,Los Angeles Clippers,shot,,,,,,,,,,Odom,2,,,made,,Layup,,,22-31,2,http://stats.nba.com/cvp.html?GameID=0021200488&GameEventID=150
,,,,,,,,,,2,11.19,Los Angeles Lakers,shot,,,,,,,,,,Howard,,,,missed,,Hook Shot,,,22-31,11,http://stats.nba.com/cvp.html?GameID=0021200488&GameEventID=152
,,,,,,,,,,2,11.17,Los Angeles Clippers,rebound,,,,,,,,,,Paul,,,,,,,,,22-31,,http://stats.nba.com/cvp.html?GameID=0021200488&GameEventID=153
,,,,,,,,,,2,11.09,Los Angeles Clippers,shot,,,Gasol,,,,,,,Barnes,,,,missed,,Jump Shot,,,22-31,4,http://stats.nba.com/cvp.html?GameID=0021200488&GameEventID=154
,,,,,,,,,,2,11.07,Los Angeles Clippers,rebound,,,,,,,,,,Odom,,,,,,,,,22-31,,http://stats.nba.com/cvp.html?GameID=0021200488&GameEventID=156
,,,,,,,,,,2,11.07,Los Angeles Clippers,shot,,,,,,,,,,Odom,,,,missed,,Tip Shot,,,22-31,3,http://stats.nba.com/cvp.html?GameID=0021200488&GameEventID=155
,,,,,,,,,,2,11.04,Los Angeles Lakers,rebound,,,,,,,,,,Gasol,,,,,,,,,22-31,,http://stats.nba.com/cvp.html?GameID=0021200488&GameEventID=157
,,,,,,,,,,2,10.51,Los Angeles Lakers,turnover,,,,,,,,,,Howard,,,Lost Ball,,Turiaf,,,,22-31,,http://stats.nba.com/cvp.html?GameID=0021200488&GameEventID=158
,,,,,,,,,,2,10.46,Los Angeles Clippers,shot,Paul,,,,,,,,,Bledsoe,2,,,made,,Layup,,,22-33,3,http://stats.nba.com/cvp.html?GameID=0021200488&GameEventID=159
,,,,,,,,,,2,10.26,Los Angeles Lakers,shot,,,,,,,,,,Gasol,,,,missed,,Jump Shot,,,22-33,13,http://stats.nba.com/cvp.html?GameID=0021200488&GameEventID=160
,,,,,,,,,,2,10.25,Los Angeles Clippers,rebound,,,,,,,,,,Paul,,,,,,,,,22-33,,http://stats.nba.com/cvp.html?GameID=0021200488&GameEventID=161
,,,,,,,,,,2,10.10,Los Angeles Clippers,shot,,,,,,,,,,Paul,2,,,made,,Jump Shot,,,22-35,14,http://stats.nba.com/cvp.html?GameID=0021200488&GameEventID=162
,,,,,,,,,,2,10.08,Los Angeles Lakers,timeout,,,,,,,,,,,,,,,,,,,22-35,,http://stats.nba.com/cvp.html?GameID=0021200488&GameEventID=163
,,,,,,,,,,2,9.55,Los Angeles Lakers,foul,,,,,,,,,,,,,,,,,,,22-35,,http://stats.nba.com/cvp.html?GameID=0021200488&GameEventID=165
,,,,,,,,,,2,9.55,Los Angeles Lakers,turnover,,,,,,,,,,World Peace,,,Foul,,,,,,22-35,,http://stats.nba.com/cvp.html?GameID=0021200488&GameEventID=166
,,,,,,,,,,2,9.35,Los Angeles Clippers,shot,Barnes,,,,,,,,,Paul,2,,,made,,Jump Shot,,,22-37,12,http://stats.nba.com/cvp.html?GameID=0021200488&GameEventID=167
,,,,,,,,,,2,9.22,Los Angeles Lakers,shot,,,,,,,,,,Meeks,,,,missed,,3PT Jump Shot,,,22-37,24,http://stats.nba.com/cvp.html?GameID=0021200488&GameEventID=168
,,,,,,,,,,2,9.21,Los Angeles Lakers,rebound,,,,,,,,,,Howard,,,,,,,,,22-37,,http://stats.nba.com/cvp.html?GameID=0021200488&GameEventID=170
,,,,,,,,,,2,9.21,Los Angeles Lakers,shot,,,,,,,,,,Howard,2,,,made,,Putback Dunk,,,24-37,2,http://stats.nba.com/cvp.html?GameID=0021200488&GameEventID=169
,,,,,,,,,,2,8.59,Los Angeles Clippers,shot,Paul,,,,,,,,,Bledsoe,2,,,made,,Reverse Layup,,,24-39,2,http://stats.nba.com/cvp.html?GameID=0021200488&GameEventID=171
,,,,,,,,,,2,8.48,Los Angeles Lakers,shot,,,,,,,,,,World Peace,,,,missed,,3PT Jump Shot,,,24-39,26,http://stats.nba.com/cvp.html?GameID=0021200488&GameEventID=172
,,,,,,,,,,2,8.46,Los Angeles Clippers,rebound,,,,,,,,,,Odom,,,,,,,,,24-39,,http://stats.nba.com/cvp.html?GameID=0021200488&GameEventID=173
,,,,,,,,,,2,8.28,Los Angeles Clippers,turnover,,,,,,,,,,Bledsoe,,,Bad Pass,,Howard,,,,24-39,,http://stats.nba.com/cvp.html?GameID=0021200488&GameEventID=174
,,,,,,,,,,2,8.19,Los Angeles Lakers,shot,,,Bledsoe,,,,,,,Morris,,,,missed,,Layup,,,24-39,2,http://stats.nba.com/cvp.html?GameID=0021200488&GameEventID=176
,,,,,,,,,,2,8.17,Los Angeles Clippers,rebound,,,,,,,,,,Odom,,,,,,,,,24-39,,http://stats.nba.com/cvp.html?GameID=0021200488&GameEventID=177
,,,,,,,,,,2,8.16,Los Angeles Clippers,shot,,,,,,,,,,Paul,,,,missed,,Layup,,,24-39,3,http://stats.nba.com/cvp.html?GameID=0021200488&GameEventID=178
,,,,,,,,,,2,8.13,Los Angeles Clippers,rebound,,,,,,,,,,Turiaf,,,,,,,,,24-39,,http://stats.nba.com/cvp.html?GameID=0021200488&GameEventID=179
,,,,,,,,,,2,8.08,Los Angeles Clippers,shot,Turiaf,,,,,,,,,Barnes,3,,,made,,3PT Jump Shot,,,24-42,27,http://stats.nba.com/cvp.html?GameID=0021200488&GameEventID=180
,,,,,,,,,,2,7.56,Los Angeles Lakers,shot,Morris,,,,,,,,,Meeks,3,,,made,,3PT Jump Shot,,,27-42,27,http://stats.nba.com/cvp.html?GameID=0021200488&GameEventID=181
,,,,,,,,,,2,7.39,Los Angeles Clippers,shot,,,,,,,,,,Bledsoe,2,,,made,,Floating Jump Shot,,,27-44,7,http://stats.nba.com/cvp.html?GameID=0021200488&GameEventID=182
,,,,,,,,,,2,7.39,Los Angeles Lakers,foul,,,,,,,,,,Howard,,,,,,away from play,,,27-44,,http://stats.nba.com/cvp.html?GameID=0021200488&GameEventID=184
,,,,,,,,,,2,7.39,Los Angeles Lakers,substitute,,,,Nash,,World Peace,,,,,,,,,,,,,27-44,,http://stats.nba.com/cvp.html?GameID=0021200488&GameEventID=185
,,,,,,,,,,2,7.39,Los Angeles Lakers,substitute,,,,Bryant,,Gasol,,,,,,,,,,,,,27-44,,http://stats.nba.com/cvp.html?GameID=0021200488&GameEventID=186
,,,,,,,,,,2,7.39,Los Angeles Lakers,substitute,,,,Hill,,Morris,,,,,,,,,,,,,27-44,,http://stats.nba.com/cvp.html?GameID=0021200488&GameEventID=187
,,,,,,,,,,2,7.39,Los Angeles Clippers,substitute,,,,Butler,,Paul,,,,,,,,,,,,,27-44,,http://stats.nba.com/cvp.html?GameID=0021200488&GameEventID=188
,,,,,,,,,,2,7.39,Los Angeles Clippers,free throw,,,,,,,1,,1,Turiaf,1,,foul,made,,,,,27-45,,http://stats.nba.com/cvp.html?GameID=0021200488&GameEventID=189
,,,,,,,,,,2,7.24,Los Angeles Lakers,shot,,,,,,,,,,Hill,,,,missed,,Jump Shot,,,27-45,18,http://stats.nba.com/cvp.html?GameID=0021200488&GameEventID=192
,,,,,,,,,,2,7.24,Los Angeles Lakers,rebound,,,,,,,,,,,,,,,,,,,27-45,,http://stats.nba.com/cvp.html?GameID=0021200488&GameEventID=193
,,,,,,,,,,2,7.24,Los Angeles Clippers,foul,,,,,,,,,,Odom,,,,,,Loose ball,,,27-45,,http://stats.nba.com/cvp.html?GameID=0021200488&GameEventID=195
,,,,,,,,,,2,7.24,Los Angeles Clippers,substitute,,,,Griffin,,Turiaf,,,,,,,,,,,,,27-45,,http://stats.nba.com/cvp.html?GameID=0021200488&GameEventID=196
,,,,,,,,,,2,7.16,Los Angeles Clippers,foul,,,,,,,,,,Bledsoe,,,,,,Shooting,,,27-45,,http://stats.nba.com/cvp.html?GameID=0021200488&GameEventID=197
,,,,,,,,,,2,7.16,Los Angeles Lakers,free throw,,,,,,,1,,2,Bryant,1,,foul,made,,,,,28-45,,http://stats.nba.com/cvp.html?GameID=0021200488&GameEventID=198
,,,,,,,,,,2,7.16,Los Angeles Lakers,free throw,,,,,,,2,,2,Bryant,,,foul,missed,,,,,28-45,,http://stats.nba.com/cvp.html?GameID=0021200488&GameEventID=200
,,,,,,,,,,2,7.15,Los Angeles Clippers,rebound,,,,,,,,,,Griffin,,,,,,,,,28-45,,http://stats.nba.com/cvp.html?GameID=0021200488&GameEventID=202
,,,,,,,,,,2,7.06,Los Angeles Clippers,turnover,,,,,,,,,,Barnes,,,Bad Pass,,,,,,28-45,,http://stats.nba.com/cvp.html?GameID=0021200488&GameEventID=203
,,,,,,,,,,2,6.48,Los Angeles Lakers,turnover,,,,,,,,,,Nash,,,Bad Pass,,,,,,28-45,,http://stats.nba.com/cvp.html?GameID=0021200488&GameEventID=204
,,,,,,,,,,2,6.35,Los Angeles Clippers,shot,,,,,,,,,,Butler,,,,missed,,Turnaround Fadeaway Shot,,,28-45,13,http://stats.nba.com/cvp.html?GameID=0021200488&GameEventID=205
,,,,,,,,,,2,6.33,Los Angeles Lakers,rebound,,,,,,,,,,Howard,,,,,,,,,28-45,,http://stats.nba.com/cvp.html?GameID=0021200488&GameEventID=206
,,,,,,,,,,2,6.28,Los Angeles Clippers,foul,,,,,,,,,,Odom,,,,,,Personal,,,28-45,,http://stats.nba.com/cvp.html?GameID=0021200488&GameEventID=207
,,,,,,,,,,2,6.28,Los Angeles Clippers,substitute,,,,Jordan,,Odom,,,,,,,,,,,,,28-45,,http://stats.nba.com/cvp.html?GameID=0021200488&GameEventID=208
,,,,,,,,,,2,6.22,Los Angeles Lakers,shot,Nash,,,,,,,,,Hill,2,,,made,,Alley Oop Dunk,,,30-45,3,http://stats.nba.com/cvp.html?GameID=0021200488&GameEventID=209
,,,,,,,,,,2,6.12,Los Angeles Clippers,timeout,,,,,,,,,,,,,,,,,,,30-45,,http://stats.nba.com/cvp.html?GameID=0021200488&GameEventID=210
,,,,,,,,,,2,6.04,Los Angeles Clippers,shot,,,,,,,,,,Bledsoe,,,,missed,,Jump Shot,,,30-45,20,http://stats.nba.com/cvp.html?GameID=0021200488&GameEventID=212
,,,,,,,,,,2,6.03,Los Angeles Lakers,rebound,,,,,,,,,,Hill,,,,,,,,,30-45,,http://stats.nba.com/cvp.html?GameID=0021200488&GameEventID=213
,,,,,,,,,,2,5.49,Los Angeles Lakers,shot,,,,,,,,,,Meeks,,,,missed,,3PT Jump Shot,,,30-45,25,http://stats.nba.com/cvp.html?GameID=0021200488&GameEventID=214
,,,,,,,,,,2,5.47,Los Angeles Lakers,rebound,,,,,,,,,,Hill,,,,,,,,,30-45,,http://stats.nba.com/cvp.html?GameID=0021200488&GameEventID=215
,,,,,,,,,,2,5.47,Los Angeles Clippers,foul,,,,,,,,,,Barnes,,,,,,Shooting,,,30-45,,http://stats.nba.com/cvp.html?GameID=0021200488&GameEventID=216
,,,,,,,,,,2,5.47,Los Angeles Lakers,free throw,,,,,,,1,,2,Hill,1,,foul,made,,,,,31-45,,http://stats.nba.com/cvp.html?GameID=0021200488&GameEventID=217
,,,,,,,,,,2,5.47,Los Angeles Lakers,free throw,,,,,,,2,,2,Hill,1,,foul,made,,,,,32-45,,http://stats.nba.com/cvp.html?GameID=0021200488&GameEventID=219
,,,,,,,,,,2,5.36,Los Angeles Clippers,shot,Bledsoe,,,,,,,,,Barnes,3,,,made,,3PT Jump Shot,,,32-48,26,http://stats.nba.com/cvp.html?GameID=0021200488&GameEventID=221
,,,,,,,,,,2,5.17,Los Angeles Lakers,turnover,,,,,,,,,,Howard,,,Lost Ball,,Bledsoe,,,,32-48,,http://stats.nba.com/cvp.html?GameID=0021200488&GameEventID=222
,,,,,,,,,,2,5.13,Los Angeles Clippers,turnover,,,,,,,,,,Griffin,,,Offensive Goaltending,,,,,,32-48,,http://stats.nba.com/cvp.html?GameID=0021200488&GameEventID=223
,,,,,,,,,,2,5.03,Los Angeles Lakers,shot,Nash,,,,,,,,,Hill,2,,,made,,Reverse Dunk,,,34-48,3,http://stats.nba.com/cvp.html?GameID=0021200488&GameEventID=224
,,,,,,,,,,2,4.37,Los Angeles Clippers,shot,,,,,,,,,,Jordan,,,,missed,,Turnaround Fadeaway Shot,,,34-48,14,http://stats.nba.com/cvp.html?GameID=0021200488&GameEventID=225
,,,,,,,,,,2,4.35,Los Angeles Lakers,rebound,,,,,,,,,,Howard,,,,,,,,,34-48,,http://stats.nba.com/cvp.html?GameID=0021200488&GameEventID=226
,,,,,,,,,,2,4.27,Los Angeles Lakers,shot,,,,,,,,,,Meeks,2,,,made,,Fadeaway Jumper,,,36-48,9,http://stats.nba.com/cvp.html?GameID=0021200488&GameEventID=227
,,,,,,,,,,2,4.16,Los Angeles Lakers,foul,,,,,,,,,,Meeks,,,,,,Personal,,,36-48,,http://stats.nba.com/cvp.html?GameID=0021200488&GameEventID=228
,,,,,,,,,,2,4.16,Los Angeles Lakers,substitute,,,,World Peace,,Meeks,,,,,,,,,,,,,36-48,,http://stats.nba.com/cvp.html?GameID=0021200488&GameEventID=229
,,,,,,,,,,2,4.16,Los Angeles Lakers,substitute,,,,Gasol,,Hill,,,,,,,,,,,,,36-48,,http://stats.nba.com/cvp.html?GameID=0021200488&GameEventID=230
,,,,,,,,,,2,4.16,Los Angeles Clippers,substitute,,,,Paul,,Bledsoe,,,,,,,,,,,,,36-48,,http://stats.nba.com/cvp.html?GameID=0021200488&GameEventID=231
,,,,,,,,,,2,4.04,Los Angeles Clippers,shot,,,,,,,,,,Barnes,,,,missed,,Driving Layup,,,36-48,2,http://stats.nba.com/cvp.html?GameID=0021200488&GameEventID=232
,,,,,,,,,,2,4.01,Los Angeles Lakers,rebound,,,,,,,,,,Howard,,,,,,,,,36-48,,http://stats.nba.com/cvp.html?GameID=0021200488&GameEventID=233
,,,,,,,,,,2,3.56,Los Angeles Lakers,shot,,,,,,,,,,Bryant,2,,,made,,Driving Layup,,,38-48,2,http://stats.nba.com/cvp.html?GameID=0021200488&GameEventID=234
,,,,,,,,,,2,3.41,Los Angeles Clippers,turnover,,,,,,,,,,Butler,,,Traveling,,,,,,38-48,,http://stats.nba.com/cvp.html?GameID=0021200488&GameEventID=235
,,,,,,,,,,2,3.31,Los Angeles Lakers,shot,Nash,,,,,,,,,Howard,2,,,made,,Layup,,,40-48,2,http://stats.nba.com/cvp.html?GameID=0021200488&GameEventID=236
,,,,,,,,,,2,3.15,Los Angeles Clippers,shot,,,,,,,,,,Paul,,,,missed,,Jump Shot,,,40-48,12,http://stats.nba.com/cvp.html?GameID=0021200488&GameEventID=237
,,,,,,,,,,2,3.13,Los Angeles Lakers,rebound,,,,,,,,,,Gasol,,,,,,,,,40-48,,http://stats.nba.com/cvp.html?GameID=0021200488&GameEventID=238
,,,,,,,,,,2,3.06,Los Angeles Lakers,shot,,,,,,,,,,Bryant,3,,,made,,3PT Jump Shot,,,43-48,25,http://stats.nba.com/cvp.html?GameID=0021200488&GameEventID=239
,,,,,,,,,,2,2.42,Los Angeles Clippers,shot,,,,,,,,,,Barnes,,,,missed,,3PT Jump Shot,,,43-48,26,http://stats.nba.com/cvp.html?GameID=0021200488&GameEventID=240
,,,,,,,,,,2,2.41,Los Angeles Clippers,rebound,,,,,,,,,,Jordan,,,,,,,,,43-48,,http://stats.nba.com/cvp.html?GameID=0021200488&GameEventID=241
,,,,,,,,,,2,2.41,Los Angeles Clippers,shot,,,,,,,,,,Jordan,2,,,made,,Layup,,,43-50,3,http://stats.nba.com/cvp.html?GameID=0021200488&GameEventID=242
,,,,,,,,,,2,2.41,Los Angeles Lakers,foul,,,,,,,,,,Howard,,,,,,Shooting,,,43-50,,http://stats.nba.com/cvp.html?GameID=0021200488&GameEventID=243
,,,,,,,,,,2,2.41,Los Angeles Lakers,substitute,,,,Hill,,Howard,,,,,,,,,,,,,43-50,,http://stats.nba.com/cvp.html?GameID=0021200488&GameEventID=246
,,,,,,,,,,2,2.41,Los Angeles Clippers,free throw,,,,,,,1,,1,Jordan,,,foul,missed,,,,,43-50,,http://stats.nba.com/cvp.html?GameID=0021200488&GameEventID=247
,,,,,,,,,,2,2.39,Los Angeles Lakers,rebound,,,,,,,,,,Gasol,,,,,,,,,43-50,,http://stats.nba.com/cvp.html?GameID=0021200488&GameEventID=249
,,,,,,,,,,2,2.28,Los Angeles Lakers,shot,,,,,,,,,,Nash,3,,,made,,3PT Jump Shot,,,46-50,27,http://stats.nba.com/cvp.html?GameID=0021200488&GameEventID=250
,,,,,,,,,,2,2.08,Los Angeles Clippers,shot,,,,,,,,,,Griffin,2,,,made,,Reverse Dunk,,,46-52,2,http://stats.nba.com/cvp.html?GameID=0021200488&GameEventID=251
,,,,,,,,,,2,2.08,Los Angeles Lakers,foul,,,,,,,,,,Gasol,,,,,,Shooting,,,46-52,,http://stats.nba.com/cvp.html?GameID=0021200488&GameEventID=252
,,,,,,,,,,2,2.08,Los Angeles Clippers,free throw,,,,,,,1,,1,Griffin,1,,foul,made,,,,,46-53,,http://stats.nba.com/cvp.html?GameID=0021200488&GameEventID=253
,,,,,,,,,,2,1.55,Los Angeles Lakers,shot,,,,,,,,,,Hill,,,,missed,,Layup,,,46-53,2,http://stats.nba.com/cvp.html?GameID=0021200488&GameEventID=254
,,,,,,,,,,2,1.50,Los Angeles Clippers,rebound,,,,,,,,,,Butler,,,,,,,,,46-53,,http://stats.nba.com/cvp.html?GameID=0021200488&GameEventID=255
,,,,,,,,,,2,1.49,Los Angeles Clippers,shot,,,,,,,,,,Griffin,2,,,made,,Alley Oop Dunk,,,46-55,4,http://stats.nba.com/cvp.html?GameID=0021200488&GameEventID=256
,,,,,,,,,,2,1.37,Los Angeles Lakers,shot,,,,,,,,,,Bryant,,,,missed,,3PT Jump Shot,,,46-55,28,http://stats.nba.com/cvp.html?GameID=0021200488&GameEventID=257
,,,,,,,,,,2,1.35,Los Angeles Clippers,rebound,,,,,,,,,,Jordan,,,,,,,,,46-55,,http://stats.nba.com/cvp.html?GameID=0021200488&GameEventID=258
,,,,,,,,,,2,1.24,Los Angeles Clippers,shot,Butler,,,,,,,,,Paul,2,,,made,,Jump Shot,,,46-57,15,http://stats.nba.com/cvp.html?GameID=0021200488&GameEventID=259
,,,,,,,,,,2,1.11,Los Angeles Lakers,shot,,,,,,,,,,Nash,,,,missed,,3PT Jump Shot,,,46-57,26,http://stats.nba.com/cvp.html?GameID=0021200488&GameEventID=260
,,,,,,,,,,2,1.11,Los Angeles Lakers,rebound,,,,,,,,,,,,,,,,,,,46-57,,http://stats.nba.com/cvp.html?GameID=0021200488&GameEventID=261
,,,,,,,,,,2,1.11,Los Angeles Clippers,foul,,,,,,,,,,Griffin,,,,,,Loose ball,,,46-57,,http://stats.nba.com/cvp.html?GameID=0021200488&GameEventID=262
,,,,,,,,,,2,1.11,Los Angeles Lakers,free throw,,,,,,,1,,2,Hill,1,,foul,made,,,,,47-57,,http://stats.nba.com/cvp.html?GameID=0021200488&GameEventID=263
,,,,,,,,,,2,1.11,Los Angeles Clippers,substitute,,,,Turiaf,,Griffin,,,,,,,,,,,,,47-57,,http://stats.nba.com/cvp.html?GameID=0021200488&GameEventID=265
,,,,,,,,,,2,1.11,Los Angeles Lakers,free throw,,,,,,,2,,2,Hill,,,foul,missed,,,,,47-57,,http://stats.nba.com/cvp.html?GameID=0021200488&GameEventID=266
,,,,,,,,,,2,1.10,Los Angeles Clippers,rebound,,,,,,,,,,Jordan,,,,,,,,,47-57,,http://stats.nba.com/cvp.html?GameID=0021200488&GameEventID=268
,,,,,,,,,,2,1.10,Los Angeles Lakers,foul,,,,,,,,,,World Peace,,,,,,Loose ball,,,47-57,,http://stats.nba.com/cvp.html?GameID=0021200488&GameEventID=269
,,,,,,,,,,2,1.10,Los Angeles Clippers,free throw,,,,,,,1,,2,Turiaf,,,foul,missed,,,,,47-57,,http://stats.nba.com/cvp.html?GameID=0021200488&GameEventID=270
,,,,,,,,,,2,1.10,Los Angeles Clippers,rebound,,,,,,,,,,,,,,,,,,,47-57,,http://stats.nba.com/cvp.html?GameID=0021200488&GameEventID=271
,,,,,,,,,,2,1.10,Los Angeles Clippers,substitute,,,,Hollins,,Jordan,,,,,,,,,,,,,47-57,,http://stats.nba.com/cvp.html?GameID=0021200488&GameEventID=272
,,,,,,,,,,2,1.10,Los Angeles Clippers,free throw,,,,,,,2,,2,Turiaf,,,foul,missed,,,,,47-57,,http://stats.nba.com/cvp.html?GameID=0021200488&GameEventID=273
,,,,,,,,,,2,1.09,Los Angeles Clippers,rebound,,,,,,,,,,Barnes,,,,,,,,,47-57,,http://stats.nba.com/cvp.html?GameID=0021200488&GameEventID=275
,,,,,,,,,,2,1.05,Los Angeles Clippers,shot,,,,,,,,,,Barnes,,,,missed,,Jump Shot,,,47-57,15,http://stats.nba.com/cvp.html?GameID=0021200488&GameEventID=276
,,,,,,,,,,2,1.04,Los Angeles Lakers,rebound,,,,,,,,,,Nash,,,,,,,,,47-57,,http://stats.nba.com/cvp.html?GameID=0021200488&GameEventID=277
,,,,,,,,,,2,0.57,Los Angeles Lakers,shot,Nash,,,,,,,,,Hill,2,,,made,,Jump Shot,,,49-57,20,http://stats.nba.com/cvp.html?GameID=0021200488&GameEventID=278
,,,,,,,,,,2,0.35,Los Angeles Clippers,shot,,,,,,,,,,Paul,,,,missed,,Jump Shot,,,49-57,18,http://stats.nba.com/cvp.html?GameID=0021200488&GameEventID=279
,,,,,,,,,,2,0.34,Los Angeles Clippers,rebound,,,,,,,,,,Barnes,,,,,,,,,49-57,,http://stats.nba.com/cvp.html?GameID=0021200488&GameEventID=280
,,,,,,,,,,2,0.34,Los Angeles Lakers,foul,,,,,,,,,,World Peace,,,,,,Personal,,,49-57,,http://stats.nba.com/cvp.html?GameID=0021200488&GameEventID=283
,,,,,,,,,,2,0.34,Los Angeles Clippers,free throw,,,,,,,1,,2,Barnes,1,,foul,made,,,,,49-58,,http://stats.nba.com/cvp.html?GameID=0021200488&GameEventID=284
,,,,,,,,,,2,0.34,Los Angeles Lakers,substitute,,,,Meeks,,World Peace,,,,,,,,,,,,,49-58,,http://stats.nba.com/cvp.html?GameID=0021200488&GameEventID=286
,,,,,,,,,,2,0.34,Los Angeles Clippers,free throw,,,,,,,2,,2,Barnes,1,,foul,made,,,,,49-59,,http://stats.nba.com/cvp.html?GameID=0021200488&GameEventID=287
,,,,,,,,,,2,0.17,Los Angeles Clippers,foul,,,,,,,,,,Hollins,,,,,,Shooting,,,49-59,,http://stats.nba.com/cvp.html?GameID=0021200488&GameEventID=290
,,,,,,,,,,2,0.17,Los Angeles Lakers,free throw,,,,,,,1,,2,Bryant,1,,foul,made,,,,,50-59,,http://stats.nba.com/cvp.html?GameID=0021200488&GameEventID=292
,,,,,,,,,,2,0.17,Los Angeles Lakers,substitute,,,,Morris,,Meeks,,,,,,,,,,,,,50-59,,http://stats.nba.com/cvp.html?GameID=0021200488&GameEventID=295
,,,,,,,,,,2,0.17,Los Angeles Lakers,free throw,,,,,,,2,,2,Bryant,1,,foul,made,,,,,51-59,,http://stats.nba.com/cvp.html?GameID=0021200488&GameEventID=296
,,,,,,,,,,2,0.00,Los Angeles Clippers,shot,,,,,,,,,,Paul,2,,,made,,Step Back Jump Shot,,,51-61,21,http://stats.nba.com/cvp.html?GameID=0021200488&GameEventID=298
,,,,,,,,,,3,11.52,Los Angeles Clippers,turnover,,,,,,,,,,Griffin,,,Traveling,,,,,,51-61,,http://stats.nba.com/cvp.html?GameID=0021200488&GameEventID=303
,,,,,,,,,,3,11.32,Los Angeles Lakers,shot,World Peace,,,,,,,,,Bryant,2,,,made,,Turnaround Jump Shot,,,53-61,19,http://stats.nba.com/cvp.html?GameID=0021200488&GameEventID=304
,,,,,,,,,,3,11.16,Los Angeles Clippers,shot,,,,,,,,,,Griffin,,,,missed,,Jump Shot,,,53-61,16,http://stats.nba.com/cvp.html?GameID=0021200488&GameEventID=305
,,,,,,,,,,3,11.14,Los Angeles Lakers,rebound,,,,,,,,,,World Peace,,,,,,,,,53-61,,http://stats.nba.com/cvp.html?GameID=0021200488&GameEventID=306
,,,,,,,,,,3,11.03,Los Angeles Lakers,shot,,,,,,,,,,Gasol,,,,missed,,Hook Shot,,,53-61,10,http://stats.nba.com/cvp.html?GameID=0021200488&GameEventID=307
,,,,,,,,,,3,11.01,Los Angeles Clippers,rebound,,,,,,,,,,Butler,,,,,,,,,53-61,,http://stats.nba.com/cvp.html?GameID=0021200488&GameEventID=308
,,,,,,,,,,3,10.53,Los Angeles Clippers,turnover,,,,,,,,,,Butler,,,Bad Pass,,Bryant,,,,53-61,,http://stats.nba.com/cvp.html?GameID=0021200488&GameEventID=309
,,,,,,,,,,3,10.52,Los Angeles Clippers,foul,,,,,,,,,,Paul,,,,,,Personal,,,53-61,,http://stats.nba.com/cvp.html?GameID=0021200488&GameEventID=310
,,,,,,,,,,3,10.41,Los Angeles Lakers,shot,Gasol,,,,,,,,,Howard,2,,,made,,Alley Oop Dunk,,,55-61,3,http://stats.nba.com/cvp.html?GameID=0021200488&GameEventID=311
,,,,,,,,,,3,10.07,Los Angeles Clippers,shot,,,,,,,,,,Paul,,,,missed,,3PT Jump Shot,,,55-61,27,http://stats.nba.com/cvp.html?GameID=0021200488&GameEventID=312
,,,,,,,,,,3,10.04,Los Angeles Clippers,rebound,,,,,,,,,,Green,,,,,,,,,55-61,,http://stats.nba.com/cvp.html?GameID=0021200488&GameEventID=314
,,,,,,,,,,3,10.04,Los Angeles Clippers,shot,,,,,,,,,,Green,,,,missed,,Tip Shot,,,55-61,3,http://stats.nba.com/cvp.html?GameID=0021200488&GameEventID=313
,,,,,,,,,,3,10.01,Los Angeles Lakers,rebound,,,,,,,,,,Howard,,,,,,,,,55-61,,http://stats.nba.com/cvp.html?GameID=0021200488&GameEventID=315
,,,,,,,,,,3,9.50,Los Angeles Lakers,shot,Bryant,,,,,,,,,Nash,3,,,made,,3PT Jump Shot,,,58-61,25,http://stats.nba.com/cvp.html?GameID=0021200488&GameEventID=316
,,,,,,,,,,3,9.50,Los Angeles Lakers,foul,,,,,,,,,,World Peace,,,,,,Loose ball,,,58-61,,http://stats.nba.com/cvp.html?GameID=0021200488&GameEventID=317
,,,,,,,,,,3,9.50,Los Angeles Clippers,timeout,,,,,,,,,,,,,,,,,,,58-61,,http://stats.nba.com/cvp.html?GameID=0021200488&GameEventID=318
,,,,,,,,,,3,9.39,Los Angeles Clippers,shot,,,,,,,,,,Paul,2,,,made,,Running Jump Shot,,,58-63,13,http://stats.nba.com/cvp.html?GameID=0021200488&GameEventID=320
,,,,,,,,,,3,9.19,Los Angeles Lakers,shot,,,,,,,,,,Howard,,,,missed,,Hook Shot,,,58-63,4,http://stats.nba.com/cvp.html?GameID=0021200488&GameEventID=321
,,,,,,,,,,3,9.17,Los Angeles Clippers,rebound,,,,,,,,,,Butler,,,,,,,,,58-63,,http://stats.nba.com/cvp.html?GameID=0021200488&GameEventID=322
,,,,,,,,,,3,9.01,Los Angeles Clippers,shot,Griffin,,,,,,,,,Green,3,,,made,,3PT Jump Shot,,,58-66,,http://stats.nba.com/cvp.html?GameID=0021200488&GameEventID=323
,,,,,,,,,,3,8.45,Los Angeles Clippers,foul,,,,,,,,,,Butler,,,,,,Personal,,,58-66,,http://stats.nba.com/cvp.html?GameID=0021200488&GameEventID=324
,,,,,,,,,,3,8.35,Los Angeles Lakers,turnover,,,,,,,,,,Nash,,,Bad Pass,,Griffin,,,,58-66,,http://stats.nba.com/cvp.html?GameID=0021200488&GameEventID=325
,,,,,,,,,,3,8.31,Los Angeles Clippers,shot,,,,,,,,,,Griffin,2,,,made,,Driving Slam Dunk,,,58-68,2,http://stats.nba.com/cvp.html?GameID=0021200488&GameEventID=326
,,,,,,,,,,3,8.09,Los Angeles Lakers,shot,,,,,,,,,,World Peace,,,,missed,,3PT Jump Shot,,,58-68,26,http://stats.nba.com/cvp.html?GameID=0021200488&GameEventID=327
,,,,,,,,,,3,8.08,Los Angeles Clippers,rebound,,,,,,,,,,Jordan,,,,,,,,,58-68,,http://stats.nba.com/cvp.html?GameID=0021200488&GameEventID=328
,,,,,,,,,,3,7.49,Los Angeles Clippers,shot,Griffin,,,,,,,,,Green,2,,,made,,Jump Shot,,,58-70,17,http://stats.nba.com/cvp.html?GameID=0021200488&GameEventID=329
,,,,,,,,,,3,7.49,Los Angeles Lakers,timeout,,,,,,,,,,,,,,,,,,,58-70,,http://stats.nba.com/cvp.html?GameID=0021200488&GameEventID=330
,,,,,,,,,,3,7.24,Los Angeles Lakers,shot,World Peace,,,,,,,,,Howard,2,,,made,,Turnaround Hook Shot,,,60-70,3,http://stats.nba.com/cvp.html?GameID=0021200488&GameEventID=333
,,,,,,,,,,3,7.07,Los Angeles Clippers,turnover,,,,,,,,,,Paul,,,Bad Pass,,,,,,60-70,,http://stats.nba.com/cvp.html?GameID=0021200488&GameEventID=334
,,,,,,,,,,3,7.07,Los Angeles Lakers,substitute,,,,Hill,,Gasol,,,,,,,,,,,,,60-70,,http://stats.nba.com/cvp.html?GameID=0021200488&GameEventID=335
,,,,,,,,,,3,6.56,Los Angeles Lakers,shot,,,Butler,,,,,,,Howard,,,,missed,,Layup,,,60-70,1,http://stats.nba.com/cvp.html?GameID=0021200488&GameEventID=336
,,,,,,,,,,3,6.54,Los Angeles Clippers,rebound,,,,,,,,,,Butler,,,,,,,,,60-70,,http://stats.nba.com/cvp.html?GameID=0021200488&GameEventID=337
,,,,,,,,,,3,6.48,Los Angeles Clippers,shot,Green,,,,,,,,,Paul,2,,,made,,Floating Jump Shot,,,60-72,5,http://stats.nba.com/cvp.html?GameID=0021200488&GameEventID=338
,,,,,,,,,,3,6.43,Los Angeles Lakers,timeout,,,,,,,,,,,,,,,,,,,60-72,,http://stats.nba.com/cvp.html?GameID=0021200488&GameEventID=339
,,,,,,,,,,3,6.37,Los Angeles Clippers,foul,,,,,,,,,,Green,,,,,,Personal,,,60-72,,http://stats.nba.com/cvp.html?GameID=0021200488&GameEventID=341
,,,,,,,,,,3,6.26,Los Angeles Lakers,shot,,,,,,,,,,Bryant,2,,,made,,Fadeaway Jumper,,,62-72,14,http://stats.nba.com/cvp.html?GameID=0021200488&GameEventID=342
,,,,,,,,,,3,6.09,Los Angeles Clippers,turnover,,,,,,,,,,Paul,,,Bad Pass,,Nash,,,,62-72,,http://stats.nba.com/cvp.html?GameID=0021200488&GameEventID=343
,,,,,,,,,,3,5.49,Los Angeles Lakers,turnover,,,,,,,,,,Nash,,,Bad Pass,,Paul,,,,62-72,,http://stats.nba.com/cvp.html?GameID=0021200488&GameEventID=344
,,,,,,,,,,3,5.36,Los Angeles Clippers,timeout,,,,,,,,,,,,,,,,,,,62-72,,http://stats.nba.com/cvp.html?GameID=0021200488&GameEventID=345
,,,,,,,,,,3,5.33,Los Angeles Lakers,violation,,,,,,,,,,Howard,,,Defensive Goaltending,,,,,,62-72,,http://stats.nba.com/cvp.html?GameID=0021200488&GameEventID=348
,,,,,,,,,,3,5.33,Los Angeles Clippers,shot,Green,,,,,,,,,Griffin,2,,,made,,Jump Shot,,,62-74,3,http://stats.nba.com/cvp.html?GameID=0021200488&GameEventID=347
,,,,,,,,,,3,5.24,Los Angeles Lakers,shot,,,,,,,,,,Bryant,,,,missed,,3PT Jump Shot,,,62-74,26,http://stats.nba.com/cvp.html?GameID=0021200488&GameEventID=349
,,,,,,,,,,3,5.23,Los Angeles Clippers,rebound,,,,,,,,,,Jordan,,,,,,,,,62-74,,http://stats.nba.com/cvp.html?GameID=0021200488&GameEventID=350
,,,,,,,,,,3,5.08,Los Angeles Lakers,foul,,,,,,,,,,Hill,,,,,,Shooting,,,62-74,,http://stats.nba.com/cvp.html?GameID=0021200488&GameEventID=351
,,,,,,,,,,3,5.08,Los Angeles Clippers,free throw,,,,,,,1,,2,Griffin,1,,foul,made,,,,,62-75,,http://stats.nba.com/cvp.html?GameID=0021200488&GameEventID=352
,,,,,,,,,,3,5.08,Los Angeles Lakers,substitute,,,,Meeks,,World Peace,,,,,,,,,,,,,62-75,,http://stats.nba.com/cvp.html?GameID=0021200488&GameEventID=354
,,,,,,,,,,3,5.08,Los Angeles Clippers,substitute,,,,Barnes,,Green,,,,,,,,,,,,,62-75,,http://stats.nba.com/cvp.html?GameID=0021200488&GameEventID=355
,,,,,,,,,,3,5.08,Los Angeles Clippers,violation,,,,,,,,,,Jordan,,,Double Lane,,,,,,62-75,,http://stats.nba.com/cvp.html?GameID=0021200488&GameEventID=359
,,,,,,,,,,3,5.08,Los Angeles Clippers,free throw,,,,,,,2,,2,Griffin,,,foul,missed,,,,,62-75,,http://stats.nba.com/cvp.html?GameID=0021200488&GameEventID=361
,,,,,,,,,,3,5.05,Los Angeles Lakers,rebound,,,,,,,,,,Hill,,,,,,,,,62-75,,http://stats.nba.com/cvp.html?GameID=0021200488&GameEventID=363
,,,,,,,,,,3,4.47,Los Angeles Lakers,shot,Meeks,,,,,,,,,Bryant,2,,,made,,Turnaround Jump Shot,,,64-75,4,http://stats.nba.com/cvp.html?GameID=0021200488&GameEventID=365
,,,,,,,,,,3,4.32,Los Angeles Clippers,shot,,,,,,,,,,Griffin,2,,,made,,Driving Slam Dunk,,,64-77,2,http://stats.nba.com/cvp.html?GameID=0021200488&GameEventID=367
,,,,,,,,,,3,4.12,Los Angeles Clippers,foul,,,,,,,,,,Jordan,,,,,,Personal,,,64-77,,http://stats.nba.com/cvp.html?GameID=0021200488&GameEventID=369
,,,,,,,,,,3,4.07,Los Angeles Clippers,foul,,,,,,,,,,Paul,,,,,,Personal,,,64-77,,http://stats.nba.com/cvp.html?GameID=0021200488&GameEventID=371
,,,,,,,,,,3,4.07,Los Angeles Lakers,free throw,,,,,,,1,,2,Nash,1,,foul,made,,,,,65-77,,http://stats.nba.com/cvp.html?GameID=0021200488&GameEventID=373
,,,,,,,,,,3,4.07,Los Angeles Lakers,substitute,,,,Gasol,,Howard,,,,,,,,,,,,,65-77,,http://stats.nba.com/cvp.html?GameID=0021200488&GameEventID=374
,,,,,,,,,,3,4.07,Los Angeles Lakers,free throw,,,,,,,2,,2,Nash,1,,foul,made,,,,,66-77,,http://stats.nba.com/cvp.html?GameID=0021200488&GameEventID=375
,,,,,,,,,,3,3.44,Los Angeles Clippers,shot,Barnes,,,,,,,,,Griffin,3,,,made,,3PT Jump Shot,,,66-80,26,http://stats.nba.com/cvp.html?GameID=0021200488&GameEventID=378
,,,,,,,,,,3,3.22,Los Angeles Clippers,foul,,,,,,,,,,Griffin,,,,,,Shooting,,,66-80,,http://stats.nba.com/cvp.html?GameID=0021200488&GameEventID=379
,,,,,,,,,,3,3.22,Los Angeles Lakers,free throw,,,,,,,1,,2,Hill,1,,foul,made,,,,,67-80,,http://stats.nba.com/cvp.html?GameID=0021200488&GameEventID=381
,,,,,,,,,,3,3.22,Los Angeles Clippers,substitute,,,,Odom,,Griffin,,,,,,,,,,,,,67-80,,http://stats.nba.com/cvp.html?GameID=0021200488&GameEventID=383
,,,,,,,,,,3,3.22,Los Angeles Lakers,free throw,,,,,,,2,,2,Hill,,,foul,missed,,,,,67-80,,http://stats.nba.com/cvp.html?GameID=0021200488&GameEventID=384
,,,,,,,,,,3,3.21,Los Angeles Clippers,rebound,,,,,,,,,,Jordan,,,,,,,,,67-80,,http://stats.nba.com/cvp.html?GameID=0021200488&GameEventID=386
,,,,,,,,,,3,3.04,Los Angeles Clippers,turnover,,,,,,,,,,Butler,,,Lost Ball,,Bryant,,,,67-80,,http://stats.nba.com/cvp.html?GameID=0021200488&GameEventID=387
,,,,,,,,,,3,3.01,Los Angeles Clippers,foul,,,,,,,,,,Paul,,,,,,Shooting,,,67-80,,http://stats.nba.com/cvp.html?GameID=0021200488&GameEventID=388
,,,,,,,,,,3,3.01,Los Angeles Lakers,free throw,,,,,,,1,,2,Meeks,1,,foul,made,,,,,68-80,,http://stats.nba.com/cvp.html?GameID=0021200488&GameEventID=390
,,,,,,,,,,3,3.01,Los Angeles Lakers,substitute,,,,Morris,,Nash,,,,,,,,,,,,,68-80,,http://stats.nba.com/cvp.html?GameID=0021200488&GameEventID=392
,,,,,,,,,,3,3.01,Los Angeles Clippers,substitute,,,,Bledsoe,,Butler,,,,,,,,,,,,,68-80,,http://stats.nba.com/cvp.html?GameID=0021200488&GameEventID=393
,,,,,,,,,,3,3.01,Los Angeles Lakers,free throw,,,,,,,2,,2,Meeks,1,,foul,made,,,,,69-80,,http://stats.nba.com/cvp.html?GameID=0021200488&GameEventID=394
,,,,,,,,,,3,2.41,Los Angeles Clippers,turnover,,,,,,,,,,Bledsoe,,,Lost Ball,,Meeks,,,,69-80,,http://stats.nba.com/cvp.html?GameID=0021200488&GameEventID=396
,,,,,,,,,,3,2.37,Los Angeles Lakers,shot,,,Barnes,,,,,,,Meeks,,,,missed,,Layup,,,69-80,3,http://stats.nba.com/cvp.html?GameID=0021200488&GameEventID=397
,,,,,,,,,,3,2.37,Los Angeles Clippers,rebound,,,,,,,,,,Barnes,,,,,,,,,69-80,,http://stats.nba.com/cvp.html?GameID=0021200488&GameEventID=401
,,,,,,,,,,3,2.37,Los Angeles Clippers,jumpball,,Meeks,,,Barnes,,,,,,,,,,,,,,69-80,,http://stats.nba.com/cvp.html?GameID=0021200488&GameEventID=400
,,,,,,,,,,3,2.16,Los Angeles Clippers,shot,,,,,,,,,,Paul,,,,missed,,Jump Shot,,,69-80,15,http://stats.nba.com/cvp.html?GameID=0021200488&GameEventID=403
,,,,,,,,,,3,2.15,Los Angeles Clippers,rebound,,,,,,,,,,Odom,,,,,,,,,69-80,,http://stats.nba.com/cvp.html?GameID=0021200488&GameEventID=404
,,,,,,,,,,3,2.05,Los Angeles Clippers,shot,,,Hill,,,,,,,Bledsoe,,,,missed,,Jump Shot,,,69-80,4,http://stats.nba.com/cvp.html?GameID=0021200488&GameEventID=405
,,,,,,,,,,3,2.03,Los Angeles Lakers,rebound,,,,,,,,,,Hill,,,,,,,,,69-80,,http://stats.nba.com/cvp.html?GameID=0021200488&GameEventID=406
,,,,,,,,,,3,2.01,Los Angeles Clippers,violation,,,,,,,,,,Barnes,,,Kicked Ball,,,,,,69-80,,http://stats.nba.com/cvp.html?GameID=0021200488&GameEventID=407
,,,,,,,,,,3,1.52,Los Angeles Lakers,shot,,,Odom,,,,,,,Gasol,,,,missed,,Jump Shot,,,69-80,4,http://stats.nba.com/cvp.html?GameID=0021200488&GameEventID=409
,,,,,,,,,,3,1.50,Los Angeles Clippers,rebound,,,,,,,,,,Jordan,,,,,,,,,69-80,,http://stats.nba.com/cvp.html?GameID=0021200488&GameEventID=410
,,,,,,,,,,3,1.39,Los Angeles Clippers,shot,,,,,,,,,,Odom,,,,missed,,Layup,,,69-80,2,http://stats.nba.com/cvp.html?GameID=0021200488&GameEventID=412
,,,,,,,,,,3,1.37,Los Angeles Clippers,rebound,,,,,,,,,,Odom,,,,,,,,,69-80,,http://stats.nba.com/cvp.html?GameID=0021200488&GameEventID=414
,,,,,,,,,,3,1.37,Los Angeles Clippers,shot,,,,,,,,,,Odom,2,,,made,,Tip Shot,,,69-82,2,http://stats.nba.com/cvp.html?GameID=0021200488&GameEventID=413
,,,,,,,,,,3,1.28,Los Angeles Lakers,turnover,,,,,,,,,,Morris,,,Lost Ball,,Bledsoe,,,,69-82,,http://stats.nba.com/cvp.html?GameID=0021200488&GameEventID=416
,,,,,,,,,,3,1.28,Los Angeles Clippers,jumpball,,Morris,,,Bledsoe,,,,,,,,,,,,,,69-82,,http://stats.nba.com/cvp.html?GameID=0021200488&GameEventID=415
,,,,,,,,,,3,1.13,Los Angeles Clippers,shot,,,,,,,,,,Paul,,,,missed,,Jump Shot,,,69-82,14,http://stats.nba.com/cvp.html?GameID=0021200488&GameEventID=417
,,,,,,,,,,3,1.13,Los Angeles Clippers,rebound,,,,,,,,,,,,,,,,,,,69-82,,http://stats.nba.com/cvp.html?GameID=0021200488&GameEventID=418
,,,,,,,,,,3,1.08,Los Angeles Clippers,shot,,,,,,,,,,Barnes,,,,missed,,3PT Jump Shot,,,69-82,,http://stats.nba.com/cvp.html?GameID=0021200488&GameEventID=420
,,,,,,,,,,3,1.06,Los Angeles Clippers,rebound,,,,,,,,,,Bledsoe,,,,,,,,,69-82,,http://stats.nba.com/cvp.html?GameID=0021200488&GameEventID=421
,,,,,,,,,,3,0.51,Los Angeles Clippers,shot,,,,,,,,,,Paul,2,,,made,,Driving Jump Shot,,,69-84,3,http://stats.nba.com/cvp.html?GameID=0021200488&GameEventID=423
,,,,,,,,,,3,0.51,Los Angeles Lakers,foul,,,,,,,,,,Morris,,,,,,Shooting,,,69-84,,http://stats.nba.com/cvp.html?GameID=0021200488&GameEventID=424
,,,,,,,,,,3,0.51,Los Angeles Clippers,free throw,,,,,,,1,,1,Paul,1,,foul,made,,,,,69-85,,http://stats.nba.com/cvp.html?GameID=0021200488&GameEventID=425
,,,,,,,,,,3,0.37,Los Angeles Lakers,shot,,,,,,,,,,Bryant,2,,,made,,Jump Shot,,,71-85,18,http://stats.nba.com/cvp.html?GameID=0021200488&GameEventID=427
,,,,,,,,,,3,0.31,Los Angeles Clippers,shot,,,,,,,,,,Jordan,2,,,made,,Alley Oop Dunk,,,71-87,3,http://stats.nba.com/cvp.html?GameID=0021200488&GameEventID=428
,,,,,,,,,,3,0.06,Los Angeles Lakers,shot,,,,,,,,,,Morris,,,,missed,,3PT Jump Shot,,,71-87,26,http://stats.nba.com/cvp.html?GameID=0021200488&GameEventID=429
,,,,,,,,,,3,0.06,Los Angeles Lakers,rebound,,,,,,,,,,,,,,,,,,,71-87,,http://stats.nba.com/cvp.html?GameID=0021200488&GameEventID=430
,,,,,,,,,,3,0.06,Los Angeles Lakers,turnover,,,,,,,,,,,,,Shot Clock,,,,,,71-87,,http://stats.nba.com/cvp.html?GameID=0021200488&GameEventID=431
,,,,,,,,,,3,0.02,Los Angeles Clippers,shot,,,,,,,,,,Paul,,,,missed,,Jump Shot,,,71-87,6,http://stats.nba.com/cvp.html?GameID=0021200488&GameEventID=432
,,,,,,,,,,3,0.00,Los Angeles Lakers,rebound,,,,,,,,,,Gasol,,,,,,,,,71-87,,http://stats.nba.com/cvp.html?GameID=0021200488&GameEventID=433
,,,,,,,,,,4,11.43,Los Angeles Lakers,shot,,,,,,,,,,Bryant,2,,,made,,Fadeaway Jumper,,,73-87,19,http://stats.nba.com/cvp.html?GameID=0021200488&GameEventID=437
,,,,,,,,,,4,11.17,Los Angeles Clippers,shot,Odom,,,,,,,,,Bledsoe,2,,,made,,Floating Jump Shot,,,73-89,2,http://stats.nba.com/cvp.html?GameID=0021200488&GameEventID=438
,,,,,,,,,,4,10.55,Los Angeles Lakers,shot,,,Odom,,,,,,,Howard,,,,missed,,Jump Shot,,,73-89,5,http://stats.nba.com/cvp.html?GameID=0021200488&GameEventID=439
,,,,,,,,,,4,10.53,Los Angeles Clippers,rebound,,,,,,,,,,Turiaf,,,,,,,,,73-89,,http://stats.nba.com/cvp.html?GameID=0021200488&GameEventID=440
,,,,,,,,,,4,10.36,Los Angeles Clippers,shot,Barnes,,,,,,,,,Odom,3,,,made,,3PT Jump Shot,,,73-92,26,http://stats.nba.com/cvp.html?GameID=0021200488&GameEventID=441
,,,,,,,,,,4,10.14,Los Angeles Lakers,shot,,,,,,,,,,Bryant,,,,missed,,3PT Jump Shot,,,73-92,29,http://stats.nba.com/cvp.html?GameID=0021200488&GameEventID=442
,,,,,,,,,,4,10.13,Los Angeles Lakers,rebound,,,,,,,,,,Howard,,,,,,,,,73-92,,http://stats.nba.com/cvp.html?GameID=0021200488&GameEventID=443
,,,,,,,,,,4,10.12,Los Angeles Lakers,shot,,,,,,,,,,Howard,2,,,made,,Layup,,,75-92,3,http://stats.nba.com/cvp.html?GameID=0021200488&GameEventID=444
,,,,,,,,,,4,10.12,Los Angeles Clippers,foul,,,,,,,,,,Green,,,,,,Shooting,,,75-92,,http://stats.nba.com/cvp.html?GameID=0021200488&GameEventID=445
,,,,,,,,,,4,10.12,Los Angeles Lakers,substitute,,,,Nash,,Meeks,,,,,,,,,,,,,75-92,,http://stats.nba.com/cvp.html?GameID=0021200488&GameEventID=446
,,,,,,,,,,4,10.12,Los Angeles Lakers,substitute,,,,Meeks,,Hill,,,,,,,,,,,,,75-92,,http://stats.nba.com/cvp.html?GameID=0021200488&GameEventID=448
,,,,,,,,,,4,10.12,Los Angeles Lakers,free throw,,,,,,,1,,1,Howard,,,foul,missed,,,,,75-92,,http://stats.nba.com/cvp.html?GameID=0021200488&GameEventID=447
,,,,,,,,,,4,10.12,Los Angeles Lakers,rebound,,,,,,,,,,World Peace,,,,,,,,,75-92,,http://stats.nba.com/cvp.html?GameID=0021200488&GameEventID=457
,,,,,,,,,,4,10.05,Los Angeles Lakers,shot,Bryant,,,,,,,,,Nash,3,,,made,,3PT Jump Shot,,,78-92,27,http://stats.nba.com/cvp.html?GameID=0021200488&GameEventID=450
,,,,,,,,,,4,9.42,Los Angeles Clippers,shot,,,,,,,,,,Barnes,,,,missed,,3PT Jump Shot,,,78-92,24,http://stats.nba.com/cvp.html?GameID=0021200488&GameEventID=451
,,,,,,,,,,4,9.40,Los Angeles Lakers,rebound,,,,,,,,,,World Peace,,,,,,,,,78-92,,http://stats.nba.com/cvp.html?GameID=0021200488&GameEventID=452
,,,,,,,,,,4,9.32,Los Angeles Lakers,shot,,,,,,,,,,Meeks,,,,missed,,3PT Jump Shot,,,78-92,26,http://stats.nba.com/cvp.html?GameID=0021200488&GameEventID=453
,,,,,,,,,,4,9.31,Los Angeles Lakers,rebound,,,,,,,,,,Howard,,,,,,,,,78-92,,http://stats.nba.com/cvp.html?GameID=0021200488&GameEventID=454
,,,,,,,,,,4,9.31,Los Angeles Clippers,foul,,,,,,,,,,Odom,,,,,,Personal,,,78-92,,http://stats.nba.com/cvp.html?GameID=0021200488&GameEventID=455
,,,,,,,,,,4,9.28,Los Angeles Clippers,foul,,,,,,,,,,Turiaf,,,,,,Personal,,,78-92,,http://stats.nba.com/cvp.html?GameID=0021200488&GameEventID=456
,,,,,,,,,,4,9.13,Los Angeles Lakers,shot,,,,,,,,,,Bryant,2,,,made,,Fadeaway Jumper,,,80-92,13,http://stats.nba.com/cvp.html?GameID=0021200488&GameEventID=459
,,,,,,,,,,4,8.53,Los Angeles Clippers,shot,,,,,,,,,,Bledsoe,,,,missed,,Jump Shot,,,80-92,18,http://stats.nba.com/cvp.html?GameID=0021200488&GameEventID=460
,,,,,,,,,,4,8.51,Los Angeles Lakers,rebound,,,,,,,,,,World Peace,,,,,,,,,80-92,,http://stats.nba.com/cvp.html?GameID=0021200488&GameEventID=461
,,,,,,,,,,4,8.39,Los Angeles Lakers,shot,,,,,,,,,,World Peace,,,,missed,,3PT Jump Shot,,,80-92,25,http://stats.nba.com/cvp.html?GameID=0021200488&GameEventID=463
,,,,,,,,,,4,8.38,Los Angeles Clippers,rebound,,,,,,,,,,Barnes,,,,,,,,,80-92,,http://stats.nba.com/cvp.html?GameID=0021200488&GameEventID=464
,,,,,,,,,,4,8.24,Los Angeles Lakers,foul,,,,,,,,,,,,,,,,,,,80-92,,http://stats.nba.com/cvp.html?GameID=0021200488&GameEventID=465
,,,,,,,,,,4,8.24,Los Angeles Clippers,substitute,,,,Griffin,,Turiaf,,,,,,,,,,,,,80-92,,http://stats.nba.com/cvp.html?GameID=0021200488&GameEventID=468
,,,,,,,,,,4,8.24,Los Angeles Clippers,free throw,,,,,,,,,,Green,1,,Technical,made,,,,,80-93,,http://stats.nba.com/cvp.html?GameID=0021200488&GameEventID=469
,,,,,,,,,,4,8.24,Los Angeles Clippers,substitute,,,,Paul,,Green,,,,,,,,,,,,,80-93,,http://stats.nba.com/cvp.html?GameID=0021200488&GameEventID=471
,,,,,,,,,,4,8.09,Los Angeles Clippers,shot,,,,,,,,,,Paul,,,,missed,,Jump Shot,,,80-93,20,http://stats.nba.com/cvp.html?GameID=0021200488&GameEventID=472
,,,,,,,,,,4,8.08,Los Angeles Lakers,rebound,,,,,,,,,,Howard,,,,,,,,,80-93,,http://stats.nba.com/cvp.html?GameID=0021200488&GameEventID=473
,,,,,,,,,,4,7.51,Los Angeles Lakers,shot,Nash,,,,,,,,,Bryant,2,,,made,,Layup,,,82-93,3,http://stats.nba.com/cvp.html?GameID=0021200488&GameEventID=475
,,,,,,,,,,4,7.27,Los Angeles Clippers,shot,,,Howard,,,,,,,Griffin,,,,missed,,Hook Shot,,,82-93,3,http://stats.nba.com/cvp.html?GameID=0021200488&GameEventID=477
,,,,,,,,,,4,7.24,Los Angeles Clippers,rebound,,,,,,,,,,Griffin,,,,,,,,,82-93,,http://stats.nba.com/cvp.html?GameID=0021200488&GameEventID=478
,,,,,,,,,,4,7.14,Los Angeles Clippers,shot,,,,,,,,,,Griffin,,,,missed,,Jump Shot,,,82-93,12,http://stats.nba.com/cvp.html?GameID=0021200488&GameEventID=480
,,,,,,,,,,4,7.13,Los Angeles Lakers,rebound,,,,,,,,,,Howard,,,,,,,,,82-93,,http://stats.nba.com/cvp.html?GameID=0021200488&GameEventID=481
,,,,,,,,,,4,7.02,Los Angeles Clippers,foul,,,,,,,,,,Odom,,,,,,Personal,,,82-93,,http://stats.nba.com/cvp.html?GameID=0021200488&GameEventID=482
,,,,,,,,,,4,7.02,Los Angeles Clippers,foul,,,,,,,,,,Griffin,,,,,,Technical,,,82-93,,http://stats.nba.com/cvp.html?GameID=0021200488&GameEventID=483
,,,,,,,,,,4,7.02,Los Angeles Lakers,free throw,,,,,,,,,,Nash,1,,Technical,made,,,,,83-93,,http://stats.nba.com/cvp.html?GameID=0021200488&GameEventID=484
,,,,,,,,,,4,7.02,Los Angeles Clippers,substitute,,,,Jordan,,Odom,,,,,,,,,,,,,83-93,,http://stats.nba.com/cvp.html?GameID=0021200488&GameEventID=486
,,,,,,,,,,4,6.51,Los Angeles Lakers,shot,,,,,,,,,,Bryant,2,,,made,,Jump Shot,,,85-93,21,http://stats.nba.com/cvp.html?GameID=0021200488&GameEventID=488
,,,,,,,,,,4,6.25,Los Angeles Clippers,shot,,,,,,,,,,Paul,3,,,made,,3PT Jump Shot,,,85-96,27,http://stats.nba.com/cvp.html?GameID=0021200488&GameEventID=489
,,,,,,,,,,4,6.04,Los Angeles Lakers,shot,,,,,,,,,,Bryant,,,,missed,,Jump Shot,,,85-96,23,http://stats.nba.com/cvp.html?GameID=0021200488&GameEventID=490
,,,,,,,,,,4,6.03,Los Angeles Clippers,rebound,,,,,,,,,,Paul,,,,,,,,,85-96,,http://stats.nba.com/cvp.html?GameID=0021200488&GameEventID=491
,,,,,,,,,,4,6.03,Los Angeles Lakers,foul,,,,,,,,,,Howard,,,,,,Personal,,,85-96,,http://stats.nba.com/cvp.html?GameID=0021200488&GameEventID=492
,,,,,,,,,,4,5.54,Los Angeles Clippers,turnover,,,,,,,,,,Paul,,,Lost Ball,,Peace,,,,85-96,,http://stats.nba.com/cvp.html?GameID=0021200488&GameEventID=493
,,,,,,,,,,4,5.51,Los Angeles Clippers,foul,,,,,,,,,,Barnes,,,,,,Shooting,,,85-96,,http://stats.nba.com/cvp.html?GameID=0021200488&GameEventID=494
,,,,,,,,,,4,5.51,Los Angeles Clippers,timeout,,,,,,,,,,,,,,,,,,,85-96,,http://stats.nba.com/cvp.html?GameID=0021200488&GameEventID=495
,,,,,,,,,,4,5.51,Los Angeles Lakers,free throw,,,,,,,1,,2,Bryant,1,,foul,made,,,,,86-96,,http://stats.nba.com/cvp.html?GameID=0021200488&GameEventID=497
,,,,,,,,,,4,5.51,Los Angeles Lakers,free throw,,,,,,,2,,2,Bryant,1,,foul,made,,,,,87-96,,http://stats.nba.com/cvp.html?GameID=0021200488&GameEventID=499
,,,,,,,,,,4,5.36,Los Angeles Lakers,foul,,,,,,,,,,Bryant,,,,,,Personal,,,87-96,,http://stats.nba.com/cvp.html?GameID=0021200488&GameEventID=501
,,,,,,,,,,4,5.24,Los Angeles Clippers,shot,,,,,,,,,,Bledsoe,,,,missed,,Driving Layup,,,87-96,3,http://stats.nba.com/cvp.html?GameID=0021200488&GameEventID=502
,,,,,,,,,,4,5.23,Los Angeles Lakers,rebound,,,,,,,,,,Meeks,,,,,,,,,87-96,,http://stats.nba.com/cvp.html?GameID=0021200488&GameEventID=503
,,,,,,,,,,4,5.09,Los Angeles Clippers,foul,,,,,,,,,,Barnes,,,,,,Shooting,,,87-96,,http://stats.nba.com/cvp.html?GameID=0021200488&GameEventID=504
,,,,,,,,,,4,5.09,Los Angeles Lakers,free throw,,,,,,,1,,2,Bryant,1,,foul,made,,,,,88-96,,http://stats.nba.com/cvp.html?GameID=0021200488&GameEventID=505
,,,,,,,,,,4,5.09,Los Angeles Lakers,free throw,,,,,,,2,,2,Bryant,1,,foul,made,,,,,89-96,,http://stats.nba.com/cvp.html?GameID=0021200488&GameEventID=507
,,,,,,,,,,4,5.00,Los Angeles Lakers,foul,,,,,,,,,,Bryant,,,,,,Personal,,,89-96,,http://stats.nba.com/cvp.html?GameID=0021200488&GameEventID=508
,,,,,,,,,,4,4.48,Los Angeles Clippers,shot,,,,,,,,,,Paul,,,,missed,,Step Back Jump Shot,,,89-96,21,http://stats.nba.com/cvp.html?GameID=0021200488&GameEventID=509
,,,,,,,,,,4,4.46,Los Angeles Clippers,rebound,,,,,,,,,,Bledsoe,,,,,,,,,89-96,,http://stats.nba.com/cvp.html?GameID=0021200488&GameEventID=510
,,,,,,,,,,4,4.25,Los Angeles Clippers,shot,,,,,,,,,,Griffin,2,,,made,,Running Jump Shot,,,89-98,7,http://stats.nba.com/cvp.html?GameID=0021200488&GameEventID=511
,,,,,,,,,,4,4.05,Los Angeles Clippers,foul,,,,,,,,,,Jordan,,,,,,Shooting,,,89-98,,http://stats.nba.com/cvp.html?GameID=0021200488&GameEventID=512
,,,,,,,,,,4,4.05,Los Angeles Lakers,free throw,,,,,,,1,,2,Meeks,1,,foul,made,,,,,90-98,,http://stats.nba.com/cvp.html?GameID=0021200488&GameEventID=513
,,,,,,,,,,4,4.05,Los Angeles Lakers,free throw,,,,,,,2,,2,Meeks,1,,foul,made,,,,,91-98,,http://stats.nba.com/cvp.html?GameID=0021200488&GameEventID=515
,,,,,,,,,,4,3.45,Los Angeles Lakers,foul,,,,,,,,,,World Peace,,,,,,Shooting,,,91-98,,http://stats.nba.com/cvp.html?GameID=0021200488&GameEventID=517
,,,,,,,,,,4,3.45,Los Angeles Clippers,free throw,,,,,,,1,,2,Griffin,1,,foul,made,,,,,91-99,,http://stats.nba.com/cvp.html?GameID=0021200488&GameEventID=518
,,,,,,,,,,4,3.45,Los Angeles Clippers,free throw,,,,,,,2,,2,Griffin,,,foul,missed,,,,,91-99,,http://stats.nba.com/cvp.html?GameID=0021200488&GameEventID=520
,,,,,,,,,,4,3.45,Los Angeles Lakers,rebound,,,,,,,,,,Howard,,,,,,,,,91-99,,http://stats.nba.com/cvp.html?GameID=0021200488&GameEventID=522
,,,,,,,,,,4,3.42,Los Angeles Clippers,foul,,,,,,,,,,Bledsoe,,,,,,Personal Take,,,91-99,,http://stats.nba.com/cvp.html?GameID=0021200488&GameEventID=523
,,,,,,,,,,4,3.42,Los Angeles Lakers,free throw,,,,,,,1,,2,Howard,,,foul,missed,,,,,91-99,,http://stats.nba.com/cvp.html?GameID=0021200488&GameEventID=524
,,,,,,,,,,4,3.42,Los Angeles Lakers,rebound,,,,,,,,,,,,,,,,,,,91-99,,http://stats.nba.com/cvp.html?GameID=0021200488&GameEventID=525
,,,,,,,,,,4,3.42,Los Angeles Clippers,substitute,,,,Odom,,Jordan,,,,,,,,,,,,,91-99,,http://stats.nba.com/cvp.html?GameID=0021200488&GameEventID=526
,,,,,,,,,,4,3.42,Los Angeles Lakers,free throw,,,,,,,2,,2,Howard,,,foul,missed,,,,,91-99,,http://stats.nba.com/cvp.html?GameID=0021200488&GameEventID=527
,,,,,,,,,,4,3.41,Los Angeles Clippers,rebound,,,,,,,,,,Bledsoe,,,,,,,,,91-99,,http://stats.nba.com/cvp.html?GameID=0021200488&GameEventID=529
,,,,,,,,,,4,3.16,Los Angeles Clippers,shot,,,,,,,,,,Barnes,,,,missed,,Jump Shot,,,91-99,16,http://stats.nba.com/cvp.html?GameID=0021200488&GameEventID=530
,,,,,,,,,,4,3.15,Los Angeles Lakers,rebound,,,,,,,,,,Howard,,,,,,,,,91-99,,http://stats.nba.com/cvp.html?GameID=0021200488&GameEventID=531
,,,,,,,,,,4,3.00,Los Angeles Lakers,shot,,,Odom,,,,,,,Meeks,,,,missed,,Jump Shot,,,91-99,7,http://stats.nba.com/cvp.html?GameID=0021200488&GameEventID=532
,,,,,,,,,,4,3.00,Los Angeles Lakers,rebound,,,,,,,,,,,,,,,,,,,91-99,,http://stats.nba.com/cvp.html?GameID=0021200488&GameEventID=533
,,,,,,,,,,4,3.00,Los Angeles Lakers,timeout,,,,,,,,,,,,,,,,,,,91-99,,http://stats.nba.com/cvp.html?GameID=0021200488&GameEventID=534
,,,,,,,,,,4,2.59,Los Angeles Lakers,foul,,,,,,,,,,,,,,,,,,,91-99,,http://stats.nba.com/cvp.html?GameID=0021200488&GameEventID=536
,,,,,,,,,,4,2.59,Los Angeles Lakers,turnover,,,,,,,,,,Howard,,,Foul,,,,,,91-99,,http://stats.nba.com/cvp.html?GameID=0021200488&GameEventID=537
,,,,,,,,,,4,2.36,Los Angeles Clippers,shot,,,,,,,,,,Paul,,,,missed,,3PT Jump Shot,,,91-99,26,http://stats.nba.com/cvp.html?GameID=0021200488&GameEventID=538
,,,,,,,,,,4,2.35,Los Angeles Lakers,rebound,,,,,,,,,,Meeks,,,,,,,,,91-99,,http://stats.nba.com/cvp.html?GameID=0021200488&GameEventID=539
,,,,,,,,,,4,2.35,Los Angeles Clippers,foul,,,,,,,,,,Bledsoe,,,,,,Personal,,,91-99,,http://stats.nba.com/cvp.html?GameID=0021200488&GameEventID=540
,,,,,,,,,,4,2.35,Los Angeles Lakers,free throw,,,,,,,1,,2,Meeks,1,,foul,made,,,,,92-99,,http://stats.nba.com/cvp.html?GameID=0021200488&GameEventID=541
,,,,,,,,,,4,2.35,Los Angeles Lakers,free throw,,,,,,,2,,2,Meeks,1,,foul,made,,,,,93-99,,http://stats.nba.com/cvp.html?GameID=0021200488&GameEventID=543
,,,,,,,,,,4,2.14,Los Angeles Clippers,shot,,,,,,,,,,Griffin,,,,missed,,Hook Shot,,,93-99,13,http://stats.nba.com/cvp.html?GameID=0021200488&GameEventID=545
,,,,,,,,,,4,2.13,Los Angeles Lakers,rebound,,,,,,,,,,Howard,,,,,,,,,93-99,,http://stats.nba.com/cvp.html?GameID=0021200488&GameEventID=546
,,,,,,,,,,4,2.08,Los Angeles Clippers,foul,,,,,,,,,,Bledsoe,,,,,,Personal Take,,,93-99,,http://stats.nba.com/cvp.html?GameID=0021200488&GameEventID=547
,,,,,,,,,,4,2.08,Los Angeles Lakers,free throw,,,,,,,1,,2,Howard,1,,foul,made,,,,,94-99,,http://stats.nba.com/cvp.html?GameID=0021200488&GameEventID=548
,,,,,,,,,,4,2.08,Los Angeles Lakers,free throw,,,,,,,2,,2,Howard,1,,foul,made,,,,,95-99,,http://stats.nba.com/cvp.html?GameID=0021200488&GameEventID=550
,,,,,,,,,,4,1.45,Los Angeles Clippers,shot,,,,,,,,,,Paul,,,,missed,,Jump Shot,,,95-99,16,http://stats.nba.com/cvp.html?GameID=0021200488&GameEventID=552
,,,,,,,,,,4,1.44,Los Angeles Clippers,rebound,,,,,,,,,,Bledsoe,,,,,,,,,95-99,,http://stats.nba.com/cvp.html?GameID=0021200488&GameEventID=553
,,,,,,,,,,4,1.44,Los Angeles Clippers,turnover,,,,,,,,,,,,,Shot Clock,,,,,,95-99,,http://stats.nba.com/cvp.html?GameID=0021200488&GameEventID=554
,,,,,,,,,,4,1.29,Los Angeles Lakers,shot,,,,,,,,,,Bryant,2,,,made,,Jump Shot,,,97-99,23,http://stats.nba.com/cvp.html?GameID=0021200488&GameEventID=555
,,,,,,,,,,4,1.29,Los Angeles Clippers,timeout,,,,,,,,,,,,,,,,,,,97-99,,http://stats.nba.com/cvp.html?GameID=0021200488&GameEventID=556
,,,,,,,,,,4,1.29,Los Angeles Clippers,substitute,,,,Butler,,Bledsoe,,,,,,,,,,,,,97-99,,http://stats.nba.com/cvp.html?GameID=0021200488&GameEventID=558
,,,,,,,,,,4,1.07,Los Angeles Lakers,foul,,,,,,,,,,Howard,,,,,,Shooting,,,97-99,,http://stats.nba.com/cvp.html?GameID=0021200488&GameEventID=563
,,,,,,,,,,4,1.07,Los Angeles Lakers,substitute,,,,Gasol,,Howard,,,,,,,,,,,,,97-99,,http://stats.nba.com/cvp.html?GameID=0021200488&GameEventID=564
,,,,,,,,,,4,1.07,Los Angeles Clippers,free throw,,,,,,,1,,2,Paul,1,,foul,made,,,,,97-100,,http://stats.nba.com/cvp.html?GameID=0021200488&GameEventID=565
,,,,,,,,,,4,1.07,Los Angeles Clippers,substitute,,,,Bledsoe,,Butler,,,,,,,,,,,,,97-100,,http://stats.nba.com/cvp.html?GameID=0021200488&GameEventID=567
,,,,,,,,,,4,1.07,Los Angeles Clippers,free throw,,,,,,,2,,2,Paul,1,,foul,made,,,,,97-101,,http://stats.nba.com/cvp.html?GameID=0021200488&GameEventID=568
,,,,,,,,,,4,0.43,Los Angeles Lakers,shot,,,,,,,,,,Bryant,,,,missed,,3PT Jump Shot,,,97-101,28,http://stats.nba.com/cvp.html?GameID=0021200488&GameEventID=570
,,,,,,,,,,4,0.42,Los Angeles Clippers,rebound,,,,,,,,,,,,,,,,,,,97-101,,http://stats.nba.com/cvp.html?GameID=0021200488&GameEventID=571
,,,,,,,,,,4,0.42,Los Angeles Clippers,substitute,,,,Butler,,Bledsoe,,,,,,,,,,,,,97-101,,http://stats.nba.com/cvp.html?GameID=0021200488&GameEventID=574
,,,,,,,,,,4,0.19,Los Angeles Clippers,shot,,,,,,,,,,Paul,2,,,made,,Step Back Jump Shot,,,97-103,21,http://stats.nba.com/cvp.html?GameID=0021200488&GameEventID=575
,,,,,,,,,,4,0.19,Los Angeles Lakers,timeout,,,,,,,,,,,,,,,,,,,97-103,,http://stats.nba.com/cvp.html?GameID=0021200488&GameEventID=576
,,,,,,,,,,4,0.19,Los Angeles Clippers,substitute,,,,Bledsoe,,Butler,,,,,,,,,,,,,97-103,,http://stats.nba.com/cvp.html?GameID=0021200488&GameEventID=577
,,,,,,,,,,4,0.15,Los Angeles Lakers,shot,Nash,,,,,,,,,Bryant,2,,,made,,Layup,,,99-103,3,http://stats.nba.com/cvp.html?GameID=0021200488&GameEventID=578
,,,,,,,,,,4,0.13,Los Angeles Lakers,foul,,,,,,,,,,World,,,,,,Peace Personal Take,,,99-103,,http://stats.nba.com/cvp.html?GameID=0021200488&GameEventID=579
,,,,,,,,,,4,0.13,Los Angeles Lakers,substitute,,,,Morris,,World Peace,,,,,,,,,,,,,99-103,,http://stats.nba.com/cvp.html?GameID=0021200488&GameEventID=580
,,,,,,,,,,4,0.13,Los Angeles Clippers,free throw,,,,,,,1,,2,Paul,1,,foul,made,,,,,99-104,,http://stats.nba.com/cvp.html?GameID=0021200488&GameEventID=581
,,,,,,,,,,4,0.13,Los Angeles Clippers,free throw,,,,,,,2,,2,Paul,1,,foul,made,,,,,99-105,,http://stats.nba.com/cvp.html?GameID=0021200488&GameEventID=583
,,,,,,,,,,4,0.07,Los Angeles Lakers,shot,,,,,,,,,,Meeks,3,,,made,,3PT Jump Shot,,,102-105,26,http://stats.nba.com/cvp.html?GameID=0021200488&GameEventID=584
,,,,,,,,,,4,0.05,Los Angeles Lakers,foul,,,,,,,,,,Morris,,,,,,Personal Take,,,102-105,,http://stats.nba.com/cvp.html?GameID=0021200488&GameEventID=585
,,,,,,,,,,4,0.05,Los Angeles Clippers,free throw,,,,,,,1,,2,Paul,1,,foul,made,,,,,102-106,,http://stats.nba.com/cvp.html?GameID=0021200488&GameEventID=586
,,,,,,,,,,4,0.05,Los Angeles Clippers,free throw,,,,,,,2,,2,Paul,1,,foul,made,,,,,102-107,,http://stats.nba.com/cvp.html?GameID=0021200488&GameEventID=588
,,,,,,,,,,4,0.05,Los Angeles Lakers,timeout,,,,,,,,,,,,,,,,,,,102-107,,http://stats.nba.com/cvp.html?GameID=0021200488&GameEventID=590
,,,,,,,,,,4,0.03,Los Angeles Lakers,shot,,,,,,,,,,Bryant,,,,missed,,3PT Jump Shot,,,102-107,28,http://stats.nba.com/cvp.html?GameID=0021200488&GameEventID=592
,,,,,,,,,,4,0.00,Los Angeles Clippers,rebound,,,,,,,,,,Griffin,,,,,,,,,102-107,,http://stats.nba.com/cvp.html?GameID=0021200488&GameEventID=593
