a1, a2, a3, a4, a5, h1, h2, h3, h4, h5, quarter, time, team, eventtype, assist, awayjumpball, block, entered, homejumpball, left, numfreeshot, opponent, outof, player, points, possession, reason, result, steal, type, x, y, score, shotdistance, url 
,,,,,,,,,,1,12.00,Milwaukee Bucks,jumpball,,Valanciunas,,,Sanders,,,,,,,,,,,,,,,,http://stats.nba.com/cvp.html?GameID=0021201142&GameEventID=1
,,,,,,,,,,1,11.41,Toronto Raptors,shot,,,,,,,,,,Valanciunas,2,,,made,,Jump Hook Shot,,,2-0,5,http://stats.nba.com/cvp.html?GameID=0021201142&GameEventID=2
,,,,,,,,,,1,11.17,Milwaukee Bucks,shot,Ilyasova,,,,,,,,,Jennings,3,,,made,,3PT Jump Shot,,,2-3,,http://stats.nba.com/cvp.html?GameID=0021201142&GameEventID=3
,,,,,,,,,,1,10.56,Toronto Raptors,shot,,,,,,,,,,Valanciunas,,,,missed,,Layup,,,2-3,1,http://stats.nba.com/cvp.html?GameID=0021201142&GameEventID=4
,,,,,,,,,,1,10.53,Milwaukee Bucks,rebound,,,,,,,,,,Sanders,,,,,,,,,2-3,,http://stats.nba.com/cvp.html?GameID=0021201142&GameEventID=5
,,,,,,,,,,1,10.36,Milwaukee Bucks,shot,,,,,,,,,,Jennings,,,,missed,,Jump Shot,,,2-3,15,http://stats.nba.com/cvp.html?GameID=0021201142&GameEventID=7
,,,,,,,,,,1,10.35,Toronto Raptors,rebound,,,,,,,,,,Gay,,,,,,,,,2-3,,http://stats.nba.com/cvp.html?GameID=0021201142&GameEventID=8
,,,,,,,,,,1,10.20,Toronto Raptors,shot,Gay,,,,,,,,,Valanciunas,2,,,made,,Layup,,,4-3,,http://stats.nba.com/cvp.html?GameID=0021201142&GameEventID=9
,,,,,,,,,,1,10.00,Milwaukee Bucks,shot,,,,,,,,,,Ilyasova,,,,missed,,Jump Shot,,,4-3,22,http://stats.nba.com/cvp.html?GameID=0021201142&GameEventID=10
,,,,,,,,,,1,9.58,Toronto Raptors,rebound,,,,,,,,,,Gay,,,,,,,,,4-3,,http://stats.nba.com/cvp.html?GameID=0021201142&GameEventID=11
,,,,,,,,,,1,9.50,Toronto Raptors,shot,,,,,,,,,,Gay,,,,missed,,Jump Shot,,,4-3,15,http://stats.nba.com/cvp.html?GameID=0021201142&GameEventID=12
,,,,,,,,,,1,9.49,Milwaukee Bucks,rebound,,,,,,,,,,Jennings,,,,,,,,,4-3,,http://stats.nba.com/cvp.html?GameID=0021201142&GameEventID=13
,,,,,,,,,,1,9.40,Milwaukee Bucks,foul,,,,,,,,,,Sanders,,,,,,Offensive Charge,,,4-3,,http://stats.nba.com/cvp.html?GameID=0021201142&GameEventID=14
,,,,,,,,,,1,9.40,Milwaukee Bucks,turnover,,,,,,,,,,Sanders,,,Foul,,,,,,4-3,,http://stats.nba.com/cvp.html?GameID=0021201142&GameEventID=15
,,,,,,,,,,1,9.25,Toronto Raptors,shot,,,,,,,,,,DeRozan,,,,missed,,Jump Shot,,,4-3,16,http://stats.nba.com/cvp.html?GameID=0021201142&GameEventID=16
,,,,,,,,,,1,9.24,Milwaukee Bucks,rebound,,,,,,,,,,Ilyasova,,,,,,,,,4-3,,http://stats.nba.com/cvp.html?GameID=0021201142&GameEventID=17
,,,,,,,,,,1,9.13,Milwaukee Bucks,shot,,,,,,,,,,Jennings,2,,,made,,Driving Layup,,,4-5,,http://stats.nba.com/cvp.html?GameID=0021201142&GameEventID=18
,,,,,,,,,,1,8.59,Toronto Raptors,shot,,,,,,,,,,Gay,,,,missed,,Jump Shot,,,4-5,7,http://stats.nba.com/cvp.html?GameID=0021201142&GameEventID=19
,,,,,,,,,,1,8.58,Toronto Raptors,rebound,,,,,,,,,,Gay,,,,,,,,,4-5,,http://stats.nba.com/cvp.html?GameID=0021201142&GameEventID=20
,,,,,,,,,,1,8.54,Toronto Raptors,shot,Gay,,,,,,,,,DeRozan,2,,,made,,Dunk,,,6-5,1,http://stats.nba.com/cvp.html?GameID=0021201142&GameEventID=21
,,,,,,,,,,1,8.35,Milwaukee Bucks,shot,,,,,,,,,,Ellis,,,,missed,,3PT Jump Shot,,,6-5,26,http://stats.nba.com/cvp.html?GameID=0021201142&GameEventID=22
,,,,,,,,,,1,8.34,Milwaukee Bucks,rebound,,,,,,,,,,Jennings,,,,,,,,,6-5,,http://stats.nba.com/cvp.html?GameID=0021201142&GameEventID=23
,,,,,,,,,,1,8.23,Milwaukee Bucks,shot,Daniels,,,,,,,,,Jennings,3,,,made,,3PT Jump Shot,,,6-8,26,http://stats.nba.com/cvp.html?GameID=0021201142&GameEventID=24
,,,,,,,,,,1,8.13,Toronto Raptors,turnover,,,,,,,,,,Lowry,,,Lost Ball,,Sanders,,,,6-8,,http://stats.nba.com/cvp.html?GameID=0021201142&GameEventID=25
,,,,,,,,,,1,8.07,Milwaukee Bucks,shot,Ellis,,,,,,,,,Sanders,2,,,made,,Layup,,,6-10,1,http://stats.nba.com/cvp.html?GameID=0021201142&GameEventID=26
,,,,,,,,,,1,7.46,Milwaukee Bucks,foul,,,,,,,,,,Ilyasova,,,,,,Personal,,,6-10,,http://stats.nba.com/cvp.html?GameID=0021201142&GameEventID=27
,,,,,,,,,,1,7.35,Toronto Raptors,shot,Lowry,,,,,,,,,Gay,2,,,made,,Jump Shot,,,8-10,12,http://stats.nba.com/cvp.html?GameID=0021201142&GameEventID=28
,,,,,,,,,,1,7.20,Milwaukee Bucks,shot,,,,,,,,,,Daniels,,,,missed,,Jump Shot,,,8-10,19,http://stats.nba.com/cvp.html?GameID=0021201142&GameEventID=29
,,,,,,,,,,1,7.19,Toronto Raptors,rebound,,,,,,,,,,Gay,,,,,,,,,8-10,,http://stats.nba.com/cvp.html?GameID=0021201142&GameEventID=30
,,,,,,,,,,1,7.09,Toronto Raptors,shot,,,,,,,,,,Valanciunas,,,,missed,,Jump Shot,,,8-10,15,http://stats.nba.com/cvp.html?GameID=0021201142&GameEventID=31
,,,,,,,,,,1,7.08,Toronto Raptors,rebound,,,,,,,,,,Gay,,,,,,,,,8-10,,http://stats.nba.com/cvp.html?GameID=0021201142&GameEventID=32
,,,,,,,,,,1,7.05,Toronto Raptors,shot,,,,,,,,,,Gay,,,,missed,,Dunk,,,8-10,1,http://stats.nba.com/cvp.html?GameID=0021201142&GameEventID=33
,,,,,,,,,,1,7.05,Milwaukee Bucks,rebound,,,,,,,,,,,,,,,,,,,8-10,,http://stats.nba.com/cvp.html?GameID=0021201142&GameEventID=34
,,,,,,,,,,1,6.47,Milwaukee Bucks,shot,,,,,,,,,,Ilyasova,,,,missed,,3PT Jump Shot,,,8-10,26,http://stats.nba.com/cvp.html?GameID=0021201142&GameEventID=35
,,,,,,,,,,1,6.46,Milwaukee Bucks,rebound,,,,,,,,,,Daniels,,,,,,,,,8-10,,http://stats.nba.com/cvp.html?GameID=0021201142&GameEventID=37
,,,,,,,,,,1,6.46,Milwaukee Bucks,shot,,,,,,,,,,Daniels,2,,,made,,Tip Shot,,,8-12,,http://stats.nba.com/cvp.html?GameID=0021201142&GameEventID=36
,,,,,,,,,,1,6.30,Toronto Raptors,shot,,,,,,,,,,Johnson,,,,missed,,Jump Shot,,,8-12,18,http://stats.nba.com/cvp.html?GameID=0021201142&GameEventID=38
,,,,,,,,,,1,6.29,Toronto Raptors,rebound,,,,,,,,,,,,,,,,,,,8-12,,http://stats.nba.com/cvp.html?GameID=0021201142&GameEventID=39
,,,,,,,,,,1,6.23,Toronto Raptors,turnover,,,,,,,,,,Lowry,,,Bad Pass,,Ellis,,,,8-12,,http://stats.nba.com/cvp.html?GameID=0021201142&GameEventID=40
,,,,,,,,,,1,6.19,Milwaukee Bucks,shot,Ellis,,,,,,,,,Sanders,2,,,made,,Driving Dunk,,,8-14,,http://stats.nba.com/cvp.html?GameID=0021201142&GameEventID=41
,,,,,,,,,,1,6.07,Toronto Raptors,timeout,,,,,,,,,,,,,,,,,,,8-14,,http://stats.nba.com/cvp.html?GameID=0021201142&GameEventID=42
,,,,,,,,,,1,6.00,Milwaukee Bucks,foul,,,,,,,,,,Daniels,,,,,,Personal,,,8-14,,http://stats.nba.com/cvp.html?GameID=0021201142&GameEventID=44
,,,,,,,,,,1,5.44,Toronto Raptors,shot,,,Daniels,,,,,,,Gay,,,,missed,,Jump Shot,,,8-14,10,http://stats.nba.com/cvp.html?GameID=0021201142&GameEventID=45
,,,,,,,,,,1,5.44,Toronto Raptors,rebound,,,,,,,,,,,,,,,,,,,8-14,,http://stats.nba.com/cvp.html?GameID=0021201142&GameEventID=46
,,,,,,,,,,1,5.44,Toronto Raptors,turnover,,,,,,,,,,,,,Shot Clock,,,,,,8-14,,http://stats.nba.com/cvp.html?GameID=0021201142&GameEventID=47
,,,,,,,,,,1,5.35,Toronto Raptors,foul,,,,,,,,,,Valanciunas,,,,,,Personal,,,8-14,,http://stats.nba.com/cvp.html?GameID=0021201142&GameEventID=48
,,,,,,,,,,1,5.24,Milwaukee Bucks,shot,,,,,,,,,,Jennings,,,,missed,,3PT Jump Shot,,,8-14,26,http://stats.nba.com/cvp.html?GameID=0021201142&GameEventID=50
,,,,,,,,,,1,5.23,Toronto Raptors,rebound,,,,,,,,,,Johnson,,,,,,,,,8-14,,http://stats.nba.com/cvp.html?GameID=0021201142&GameEventID=51
,,,,,,,,,,1,5.17,Toronto Raptors,shot,,,,,,,,,,Lowry,2,,,made,,Jump Shot,,,10-14,16,http://stats.nba.com/cvp.html?GameID=0021201142&GameEventID=52
,,,,,,,,,,1,5.03,Milwaukee Bucks,turnover,,,,,,,,,,Ellis,,,Bad Pass,,,,,,10-14,,http://stats.nba.com/cvp.html?GameID=0021201142&GameEventID=53
,,,,,,,,,,1,4.41,Toronto Raptors,shot,,,,,,,,,,DeRozan,,,,missed,,Jump Shot,,,10-14,17,http://stats.nba.com/cvp.html?GameID=0021201142&GameEventID=54
,,,,,,,,,,1,4.39,Toronto Raptors,rebound,,,,,,,,,,,,,,,,,,,10-14,,http://stats.nba.com/cvp.html?GameID=0021201142&GameEventID=55
,,,,,,,,,,1,4.30,Toronto Raptors,shot,Lowry,,,,,,,,,DeRozan,2,,,made,,Layup,,,12-14,2,http://stats.nba.com/cvp.html?GameID=0021201142&GameEventID=56
,,,,,,,,,,1,4.12,Milwaukee Bucks,shot,Ellis,,,,,,,,,Daniels,2,,,made,,Jump Shot,,,12-16,6,http://stats.nba.com/cvp.html?GameID=0021201142&GameEventID=57
,,,,,,,,,,1,3.55,Toronto Raptors,shot,,,,,,,,,,DeRozan,2,,,made,,Jump Shot,,,14-16,14,http://stats.nba.com/cvp.html?GameID=0021201142&GameEventID=58
,,,,,,,,,,1,3.42,Toronto Raptors,foul,,,,,,,,,,Johnson,,,,,,Shooting,,,14-16,,http://stats.nba.com/cvp.html?GameID=0021201142&GameEventID=59
,,,,,,,,,,1,3.42,Milwaukee Bucks,free throw,,,,,,,1,,2,Sanders,1,,foul,made,,,,,14-17,,http://stats.nba.com/cvp.html?GameID=0021201142&GameEventID=61
,,,,,,,,,,1,3.42,Milwaukee Bucks,free throw,,,,,,,2,,2,Sanders,1,,foul,made,,,,,14-18,,http://stats.nba.com/cvp.html?GameID=0021201142&GameEventID=63
,,,,,,,,,,1,3.29,Toronto Raptors,shot,,,,,,,,,,DeRozan,,,,missed,,Turnaround Jump Shot,,,14-18,15,http://stats.nba.com/cvp.html?GameID=0021201142&GameEventID=65
,,,,,,,,,,1,3.29,Toronto Raptors,rebound,,,,,,,,,,,,,,,,,,,14-18,,http://stats.nba.com/cvp.html?GameID=0021201142&GameEventID=66
,,,,,,,,,,1,3.23,Toronto Raptors,shot,,,,,,,,,,Johnson,,,,missed,,Layup,,,14-18,2,http://stats.nba.com/cvp.html?GameID=0021201142&GameEventID=67
,,,,,,,,,,1,3.21,Milwaukee Bucks,rebound,,,,,,,,,,Sanders,,,,,,,,,14-18,,http://stats.nba.com/cvp.html?GameID=0021201142&GameEventID=68
,,,,,,,,,,1,3.00,Milwaukee Bucks,shot,,,,,,,,,,Jennings,,,,missed,,Jump Shot,,,14-18,6,http://stats.nba.com/cvp.html?GameID=0021201142&GameEventID=69
,,,,,,,,,,1,3.00,Milwaukee Bucks,rebound,,,,,,,,,,,,,,,,,,,14-18,,http://stats.nba.com/cvp.html?GameID=0021201142&GameEventID=70
,,,,,,,,,,1,3.00,Toronto Raptors,foul,,,,,,,,,,Gay,,,,,,Loose ball,,,14-18,,http://stats.nba.com/cvp.html?GameID=0021201142&GameEventID=71
,,,,,,,,,,1,2.50,Milwaukee Bucks,shot,Jennings,,,,,,,,,Ellis,2,,,made,,Jump Shot,,,14-20,17,http://stats.nba.com/cvp.html?GameID=0021201142&GameEventID=72
,,,,,,,,,,1,2.35,Toronto Raptors,turnover,,,,,,,,,,DeRozan,,,Lost Ball,,Ellis,,,,14-20,,http://stats.nba.com/cvp.html?GameID=0021201142&GameEventID=73
,,,,,,,,,,1,2.29,Toronto Raptors,foul,,,,,,,,,,Valanciunas,,,,,,Shooting,,,14-20,,http://stats.nba.com/cvp.html?GameID=0021201142&GameEventID=74
,,,,,,,,,,1,2.29,Milwaukee Bucks,timeout,,,,,,,,,,,,,,,,,,,14-20,,http://stats.nba.com/cvp.html?GameID=0021201142&GameEventID=75
,,,,,,,,,,1,2.29,Milwaukee Bucks,substitute,,,,Dunleavy,,Daniels,,,,,,,,,,,,,14-20,,http://stats.nba.com/cvp.html?GameID=0021201142&GameEventID=77
,,,,,,,,,,1,2.29,Toronto Raptors,substitute,,,,Fields,,DeRozan,,,,,,,,,,,,,14-20,,http://stats.nba.com/cvp.html?GameID=0021201142&GameEventID=78
,,,,,,,,,,1,2.29,Toronto Raptors,substitute,,,,Ross,,Valanciunas,,,,,,,,,,,,,14-20,,http://stats.nba.com/cvp.html?GameID=0021201142&GameEventID=79
,,,,,,,,,,1,2.29,Milwaukee Bucks,free throw,,,,,,,1,,2,Ellis,1,,foul,made,,,,,14-21,,http://stats.nba.com/cvp.html?GameID=0021201142&GameEventID=80
,,,,,,,,,,1,2.29,Milwaukee Bucks,substitute,,,,Mbah a Moute,,Ilyasova,,,,,,,,,,,,,14-21,,http://stats.nba.com/cvp.html?GameID=0021201142&GameEventID=82
,,,,,,,,,,1,2.29,Milwaukee Bucks,free throw,,,,,,,2,,2,Ellis,1,,foul,made,,,,,14-22,,http://stats.nba.com/cvp.html?GameID=0021201142&GameEventID=83
,,,,,,,,,,1,2.16,Toronto Raptors,shot,,,Sanders,,,,,,,Lowry,,,,missed,,Layup,,,14-22,1,http://stats.nba.com/cvp.html?GameID=0021201142&GameEventID=85
,,,,,,,,,,1,2.14,Milwaukee Bucks,rebound,,,,,,,,,,Sanders,,,,,,,,,14-22,,http://stats.nba.com/cvp.html?GameID=0021201142&GameEventID=86
,,,,,,,,,,1,2.09,Milwaukee Bucks,shot,,,Johnson,,,,,,,Ellis,,,,missed,,Layup,,,14-22,1,http://stats.nba.com/cvp.html?GameID=0021201142&GameEventID=87
,,,,,,,,,,1,2.07,Toronto Raptors,rebound,,,,,,,,,,Fields,,,,,,,,,14-22,,http://stats.nba.com/cvp.html?GameID=0021201142&GameEventID=88
,,,,,,,,,,1,1.48,Toronto Raptors,shot,,,,,,,,,,Gay,,,,missed,,Jump Shot,,,14-22,19,http://stats.nba.com/cvp.html?GameID=0021201142&GameEventID=89
,,,,,,,,,,1,1.45,Milwaukee Bucks,rebound,,,,,,,,,,Mbah a Moute,,,,,,,,,14-22,,http://stats.nba.com/cvp.html?GameID=0021201142&GameEventID=90
,,,,,,,,,,1,1.23,Milwaukee Bucks,shot,,,Johnson,,,,,,,Ellis,,,,missed,,Layup,,,14-22,2,http://stats.nba.com/cvp.html?GameID=0021201142&GameEventID=91
,,,,,,,,,,1,1.23,Milwaukee Bucks,rebound,,,,,,,,,,,,,,,,,,,14-22,,http://stats.nba.com/cvp.html?GameID=0021201142&GameEventID=92
,,,,,,,,,,1,1.23,Milwaukee Bucks,substitute,,,,Redick,,Ellis,,,,,,,,,,,,,14-22,,http://stats.nba.com/cvp.html?GameID=0021201142&GameEventID=93
,,,,,,,,,,1,1.23,Toronto Raptors,substitute,,,,Telfair,,Lowry,,,,,,,,,,,,,14-22,,http://stats.nba.com/cvp.html?GameID=0021201142&GameEventID=94
,,,,,,,,,,1,1.19,Milwaukee Bucks,turnover,,,,,,,,,,Dunleavy,,,Bad Pass,,Johnson,,,,14-22,,http://stats.nba.com/cvp.html?GameID=0021201142&GameEventID=95
,,,,,,,,,,1,0.56,Toronto Raptors,shot,,,,,,,,,,Telfair,,,,missed,,Jump Shot,,,14-22,16,http://stats.nba.com/cvp.html?GameID=0021201142&GameEventID=97
,,,,,,,,,,1,0.55,Milwaukee Bucks,rebound,,,,,,,,,,Mbah a Moute,,,,,,,,,14-22,,http://stats.nba.com/cvp.html?GameID=0021201142&GameEventID=98
,,,,,,,,,,1,0.51,Milwaukee Bucks,shot,Mbah a Moute,,,,,,,,,Redick,2,,,made,,Layup,,,14-24,1,http://stats.nba.com/cvp.html?GameID=0021201142&GameEventID=99
,,,,,,,,,,1,0.36,Toronto Raptors,shot,,,,,,,,,,Ross,,,,missed,,Jump Shot,,,14-24,13,http://stats.nba.com/cvp.html?GameID=0021201142&GameEventID=100
,,,,,,,,,,1,0.35,Toronto Raptors,rebound,,,,,,,,,,Johnson,,,,,,,,,14-24,,http://stats.nba.com/cvp.html?GameID=0021201142&GameEventID=102
,,,,,,,,,,1,0.35,Toronto Raptors,shot,,,,,,,,,,Johnson,,,,missed,,Tip Shot,,,14-24,,http://stats.nba.com/cvp.html?GameID=0021201142&GameEventID=101
,,,,,,,,,,1,0.34,Toronto Raptors,rebound,,,,,,,,,,,,,,,,,,,14-24,,http://stats.nba.com/cvp.html?GameID=0021201142&GameEventID=103
,,,,,,,,,,1,0.34,Milwaukee Bucks,substitute,,,,Ayon,,Sanders,,,,,,,,,,,,,14-24,,http://stats.nba.com/cvp.html?GameID=0021201142&GameEventID=104
,,,,,,,,,,1,0.30,Milwaukee Bucks,foul,,,,,,,,,,Dunleavy,,,,,,Shooting Block,,,14-24,,http://stats.nba.com/cvp.html?GameID=0021201142&GameEventID=105
,,,,,,,,,,1,0.30,Toronto Raptors,free throw,,,,,,,1,,2,Telfair,1,,foul,made,,,,,15-24,,http://stats.nba.com/cvp.html?GameID=0021201142&GameEventID=106
,,,,,,,,,,1,0.30,Toronto Raptors,substitute,,,,Gray,,Johnson,,,,,,,,,,,,,15-24,,http://stats.nba.com/cvp.html?GameID=0021201142&GameEventID=108
,,,,,,,,,,1,0.30,Toronto Raptors,free throw,,,,,,,2,,2,Telfair,1,,foul,made,,,,,16-24,,http://stats.nba.com/cvp.html?GameID=0021201142&GameEventID=109
,,,,,,,,,,1,0.13,Milwaukee Bucks,shot,Jennings,,,,,,,,,Ayon,2,,,made,,Reverse Layup,,,16-26,1,http://stats.nba.com/cvp.html?GameID=0021201142&GameEventID=111
,,,,,,,,,,1,0.00,Toronto Raptors,shot,,,,,,,,,,Fields,,,,missed,,Jump Shot,,,16-26,15,http://stats.nba.com/cvp.html?GameID=0021201142&GameEventID=112
,,,,,,,,,,1,0.00,Toronto Raptors,rebound,,,,,,,,,,,,,,,,,,,16-26,,http://stats.nba.com/cvp.html?GameID=0021201142&GameEventID=113
,,,,,,,,,,2,11.48,Milwaukee Bucks,shot,Jennings,,,,,,,,,Ayon,2,,,made,,Running Dunk,,,16-28,1,http://stats.nba.com/cvp.html?GameID=0021201142&GameEventID=117
,,,,,,,,,,2,11.23,Toronto Raptors,shot,,,,,,,,,,Acy,,,,missed,,Layup,,,16-28,1,http://stats.nba.com/cvp.html?GameID=0021201142&GameEventID=119
,,,,,,,,,,2,11.21,Milwaukee Bucks,rebound,,,,,,,,,,Ayon,,,,,,,,,16-28,,http://stats.nba.com/cvp.html?GameID=0021201142&GameEventID=120
,,,,,,,,,,2,11.14,Milwaukee Bucks,shot,,,,,,,,,,Dunleavy,,,,missed,,3PT Jump Shot,,,16-28,24,http://stats.nba.com/cvp.html?GameID=0021201142&GameEventID=121
,,,,,,,,,,2,11.13,Toronto Raptors,rebound,,,,,,,,,,Ross,,,,,,,,,16-28,,http://stats.nba.com/cvp.html?GameID=0021201142&GameEventID=122
,,,,,,,,,,2,11.04,Toronto Raptors,shot,Telfair,,,,,,,,,Anderson,2,,,made,,Jump Shot,,,18-28,18,http://stats.nba.com/cvp.html?GameID=0021201142&GameEventID=123
,,,,,,,,,,2,10.42,Milwaukee Bucks,shot,,,Fields,,,,,,,Jennings,,,,missed,,Layup,,,18-28,2,http://stats.nba.com/cvp.html?GameID=0021201142&GameEventID=124
,,,,,,,,,,2,10.39,Toronto Raptors,rebound,,,,,,,,,,Telfair,,,,,,,,,18-28,,http://stats.nba.com/cvp.html?GameID=0021201142&GameEventID=125
,,,,,,,,,,2,10.37,Toronto Raptors,shot,Telfair,,,,,,,,,Ross,2,,,made,,Dunk,,,20-28,1,http://stats.nba.com/cvp.html?GameID=0021201142&GameEventID=126
,,,,,,,,,,2,10.24,Toronto Raptors,foul,,,,,,,,,,Fields,,,,,,Personal Block,,,20-28,,http://stats.nba.com/cvp.html?GameID=0021201142&GameEventID=127
,,,,,,,,,,2,10.20,Milwaukee Bucks,shot,Jennings,,,,,,,,,Redick,2,,,made,,Layup,,,20-30,,http://stats.nba.com/cvp.html?GameID=0021201142&GameEventID=128
,,,,,,,,,,2,10.02,Toronto Raptors,shot,Telfair,,,,,,,,,Fields,2,,,made,,Layup,,,22-30,1,http://stats.nba.com/cvp.html?GameID=0021201142&GameEventID=129
,,,,,,,,,,2,9.55,Milwaukee Bucks,shot,Dunleavy,,,,,,,,,Mbah a Moute,2,,,made,,Dunk,,,22-32,1,http://stats.nba.com/cvp.html?GameID=0021201142&GameEventID=130
,,,,,,,,,,2,9.41,Toronto Raptors,shot,Telfair,,,,,,,,,Acy,2,,,made,,Layup,,,24-32,,http://stats.nba.com/cvp.html?GameID=0021201142&GameEventID=131
,,,,,,,,,,2,9.26,Milwaukee Bucks,turnover,,,,,,,,,,Ayon,,,Lost Ball,,Telfair,,,,24-32,,http://stats.nba.com/cvp.html?GameID=0021201142&GameEventID=132
,,,,,,,,,,2,9.22,Milwaukee Bucks,foul,,,,,,,,,,Redick,,,,,,Shooting,,,24-32,,http://stats.nba.com/cvp.html?GameID=0021201142&GameEventID=133
,,,,,,,,,,2,9.22,Toronto Raptors,free throw,,,,,,,1,,2,Ross,,,foul,missed,,,,,24-32,,http://stats.nba.com/cvp.html?GameID=0021201142&GameEventID=134
,,,,,,,,,,2,9.22,Toronto Raptors,rebound,,,,,,,,,,,,,,,,,,,24-32,,http://stats.nba.com/cvp.html?GameID=0021201142&GameEventID=135
,,,,,,,,,,2,9.22,Milwaukee Bucks,substitute,,,,Ellis,,Jennings,,,,,,,,,,,,,24-32,,http://stats.nba.com/cvp.html?GameID=0021201142&GameEventID=136
,,,,,,,,,,2,9.22,Toronto Raptors,free throw,,,,,,,2,,2,Ross,1,,foul,made,,,,,25-32,,http://stats.nba.com/cvp.html?GameID=0021201142&GameEventID=137
,,,,,,,,,,2,8.59,Milwaukee Bucks,shot,Redick,,,,,,,,,Ellis,3,,,made,,3PT Jump Shot,,,25-35,26,http://stats.nba.com/cvp.html?GameID=0021201142&GameEventID=139
,,,,,,,,,,2,8.32,Toronto Raptors,shot,,,,,,,,,,Anderson,,,,missed,,Jump Shot,,,25-35,19,http://stats.nba.com/cvp.html?GameID=0021201142&GameEventID=143
,,,,,,,,,,2,8.30,Milwaukee Bucks,rebound,,,,,,,,,,Ellis,,,,,,,,,25-35,,http://stats.nba.com/cvp.html?GameID=0021201142&GameEventID=144
,,,,,,,,,,2,8.14,Milwaukee Bucks,shot,,,,,,,,,,Ellis,3,,,made,,3PT Jump Shot,,,25-38,26,http://stats.nba.com/cvp.html?GameID=0021201142&GameEventID=145
,,,,,,,,,,2,7.49,Toronto Raptors,shot,,,,,,,,,,Telfair,,,,missed,,Jump Shot,,,25-38,8,http://stats.nba.com/cvp.html?GameID=0021201142&GameEventID=146
,,,,,,,,,,2,7.48,Milwaukee Bucks,rebound,,,,,,,,,,Ayon,,,,,,,,,25-38,,http://stats.nba.com/cvp.html?GameID=0021201142&GameEventID=147
,,,,,,,,,,2,7.43,Milwaukee Bucks,shot,Ellis,,,,,,,,,Mbah a Moute,2,,,made,,Layup,,,25-40,1,http://stats.nba.com/cvp.html?GameID=0021201142&GameEventID=148
,,,,,,,,,,2,7.36,Toronto Raptors,shot,,,,,,,,,,Anderson,2,,,made,,Layup,,,27-40,1,http://stats.nba.com/cvp.html?GameID=0021201142&GameEventID=149
,,,,,,,,,,2,7.28,Toronto Raptors,foul,,,,,,,,,,Acy,,,,,,Shooting,,,27-40,,http://stats.nba.com/cvp.html?GameID=0021201142&GameEventID=150
,,,,,,,,,,2,7.28,Milwaukee Bucks,free throw,,,,,,,1,,2,Dunleavy,1,,foul,made,,,,,27-41,,http://stats.nba.com/cvp.html?GameID=0021201142&GameEventID=152
,,,,,,,,,,2,7.28,Milwaukee Bucks,free throw,,,,,,,2,,2,Dunleavy,1,,foul,made,,,,,27-42,,http://stats.nba.com/cvp.html?GameID=0021201142&GameEventID=154
,,,,,,,,,,2,7.14,Toronto Raptors,turnover,,,,,,,,,,Anderson,,,Bad Pass,,,,,,27-42,,http://stats.nba.com/cvp.html?GameID=0021201142&GameEventID=156
,,,,,,,,,,2,6.54,Milwaukee Bucks,shot,,,,,,,,,,Ayon,,,,missed,,Jump Shot,,,27-42,8,http://stats.nba.com/cvp.html?GameID=0021201142&GameEventID=157
,,,,,,,,,,2,6.53,Toronto Raptors,rebound,,,,,,,,,,Fields,,,,,,,,,27-42,,http://stats.nba.com/cvp.html?GameID=0021201142&GameEventID=158
,,,,,,,,,,2,6.45,Milwaukee Bucks,foul,,,,,,,,,,Dunleavy,,,,,,Shooting,,,27-42,,http://stats.nba.com/cvp.html?GameID=0021201142&GameEventID=159
,,,,,,,,,,2,6.45,Toronto Raptors,free throw,,,,,,,1,,2,Acy,1,,foul,made,,,,,28-42,,http://stats.nba.com/cvp.html?GameID=0021201142&GameEventID=160
,,,,,,,,,,2,6.45,Milwaukee Bucks,substitute,,,,Sanders,,Ayon,,,,,,,,,,,,,28-42,,http://stats.nba.com/cvp.html?GameID=0021201142&GameEventID=162
,,,,,,,,,,2,6.45,Milwaukee Bucks,substitute,,,,Ilyasova,,Dunleavy,,,,,,,,,,,,,28-42,,http://stats.nba.com/cvp.html?GameID=0021201142&GameEventID=163
,,,,,,,,,,2,6.45,Toronto Raptors,substitute,,,,DeRozan,,Anderson,,,,,,,,,,,,,28-42,,http://stats.nba.com/cvp.html?GameID=0021201142&GameEventID=164
,,,,,,,,,,2,6.45,Toronto Raptors,free throw,,,,,,,2,,2,Acy,1,,foul,made,,,,,29-42,,http://stats.nba.com/cvp.html?GameID=0021201142&GameEventID=165
,,,,,,,,,,2,6.45,Toronto Raptors,substitute,,,,Lowry,,Telfair,,,,,,,,,,,,,29-42,,http://stats.nba.com/cvp.html?GameID=0021201142&GameEventID=167
,,,,,,,,,,2,6.32,Milwaukee Bucks,shot,Ellis,,,,,,,,,Sanders,2,,,made,,Dunk,,,29-44,,http://stats.nba.com/cvp.html?GameID=0021201142&GameEventID=168
,,,,,,,,,,2,6.17,Toronto Raptors,shot,Lowry,,,,,,,,,Ross,2,,,made,,Jump Shot,,,31-44,15,http://stats.nba.com/cvp.html?GameID=0021201142&GameEventID=169
,,,,,,,,,,2,6.08,Milwaukee Bucks,shot,,,,,,,,,,Ellis,2,,,made,,Jump Shot,,,31-46,18,http://stats.nba.com/cvp.html?GameID=0021201142&GameEventID=170
,,,,,,,,,,2,5.45,Toronto Raptors,shot,,,Sanders,,,,,,,Fields,,,,missed,,Jump Shot,,,31-46,5,http://stats.nba.com/cvp.html?GameID=0021201142&GameEventID=171
,,,,,,,,,,2,5.42,Toronto Raptors,rebound,,,,,,,,,,DeRozan,,,,,,,,,31-46,,http://stats.nba.com/cvp.html?GameID=0021201142&GameEventID=172
,,,,,,,,,,2,5.42,Toronto Raptors,turnover,,,,,,,,,,,,,Shot Clock,,,,,,31-46,,http://stats.nba.com/cvp.html?GameID=0021201142&GameEventID=173
,,,,,,,,,,2,5.42,Milwaukee Bucks,timeout,,,,,,,,,,,,,,,,,,,31-46,,http://stats.nba.com/cvp.html?GameID=0021201142&GameEventID=174
,,,,,,,,,,2,5.42,Toronto Raptors,substitute,,,,Valanciunas,,Acy,,,,,,,,,,,,,31-46,,http://stats.nba.com/cvp.html?GameID=0021201142&GameEventID=176
,,,,,,,,,,2,5.30,Milwaukee Bucks,shot,,,,,,,,,,Ellis,,,,missed,,Jump Shot,,,31-46,19,http://stats.nba.com/cvp.html?GameID=0021201142&GameEventID=177
,,,,,,,,,,2,5.29,Toronto Raptors,rebound,,,,,,,,,,Lowry,,,,,,,,,31-46,,http://stats.nba.com/cvp.html?GameID=0021201142&GameEventID=178
,,,,,,,,,,2,5.22,Toronto Raptors,shot,,,,,,,,,,DeRozan,2,,,made,,Jump Shot,,,33-46,15,http://stats.nba.com/cvp.html?GameID=0021201142&GameEventID=179
,,,,,,,,,,2,5.06,Milwaukee Bucks,shot,Ellis,,,,,,,,,Redick,2,,,made,,Driving Layup,,,33-48,,http://stats.nba.com/cvp.html?GameID=0021201142&GameEventID=180
,,,,,,,,,,2,4.59,Toronto Raptors,turnover,,,,,,,,,,Lowry,,,Bad Pass,,Ellis,,,,33-48,,http://stats.nba.com/cvp.html?GameID=0021201142&GameEventID=181
,,,,,,,,,,2,4.57,Milwaukee Bucks,shot,,,,,,,,,,Ellis,,,,missed,,Layup,,,33-48,1,http://stats.nba.com/cvp.html?GameID=0021201142&GameEventID=183
,,,,,,,,,,2,4.57,Milwaukee Bucks,rebound,,,,,,,,,,,,,,,,,,,33-48,,http://stats.nba.com/cvp.html?GameID=0021201142&GameEventID=184
,,,,,,,,,,2,4.57,Toronto Raptors,foul,,,,,,,,,,Lowry,,,,,,Loose ball,,,33-48,,http://stats.nba.com/cvp.html?GameID=0021201142&GameEventID=185
,,,,,,,,,,2,4.57,Toronto Raptors,substitute,,,,Gay,,Ross,,,,,,,,,,,,,33-48,,http://stats.nba.com/cvp.html?GameID=0021201142&GameEventID=188
,,,,,,,,,,2,4.44,Milwaukee Bucks,shot,,,,,,,,,,Ilyasova,,,,missed,,3PT Jump Shot,,,33-48,26,http://stats.nba.com/cvp.html?GameID=0021201142&GameEventID=186
,,,,,,,,,,2,4.43,Toronto Raptors,rebound,,,,,,,,,,Fields,,,,,,,,,33-48,,http://stats.nba.com/cvp.html?GameID=0021201142&GameEventID=187
,,,,,,,,,,2,4.25,Toronto Raptors,shot,,,,,,,,,,Valanciunas,,,,missed,,Hook Shot,,,33-48,9,http://stats.nba.com/cvp.html?GameID=0021201142&GameEventID=189
,,,,,,,,,,2,4.18,Milwaukee Bucks,rebound,,,,,,,,,,Ilyasova,,,,,,,,,33-48,,http://stats.nba.com/cvp.html?GameID=0021201142&GameEventID=190
,,,,,,,,,,2,4.13,Toronto Raptors,foul,,,,,,,,,,Valanciunas,,,,,,Shooting,,,33-48,,http://stats.nba.com/cvp.html?GameID=0021201142&GameEventID=191
,,,,,,,,,,2,4.13,Milwaukee Bucks,free throw,,,,,,,1,,2,Mbah a Moute,,,foul,missed,,,,,33-48,,http://stats.nba.com/cvp.html?GameID=0021201142&GameEventID=192
,,,,,,,,,,2,4.13,Milwaukee Bucks,rebound,,,,,,,,,,,,,,,,,,,33-48,,http://stats.nba.com/cvp.html?GameID=0021201142&GameEventID=193
,,,,,,,,,,2,4.13,Toronto Raptors,substitute,,,,Johnson,,Valanciunas,,,,,,,,,,,,,33-48,,http://stats.nba.com/cvp.html?GameID=0021201142&GameEventID=194
,,,,,,,,,,2,4.13,Milwaukee Bucks,substitute,,,,Jennings,,Redick,,,,,,,,,,,,,33-48,,http://stats.nba.com/cvp.html?GameID=0021201142&GameEventID=195
,,,,,,,,,,2,4.13,Milwaukee Bucks,free throw,,,,,,,2,,2,Mbah a Moute,1,,foul,made,,,,,33-49,,http://stats.nba.com/cvp.html?GameID=0021201142&GameEventID=196
,,,,,,,,,,2,3.52,Toronto Raptors,shot,,,Sanders,,,,,,,Lowry,,,,missed,,Layup,,,33-49,1,http://stats.nba.com/cvp.html?GameID=0021201142&GameEventID=199
,,,,,,,,,,2,3.52,Toronto Raptors,rebound,,,,,,,,,,,,,,,,,,,33-49,,http://stats.nba.com/cvp.html?GameID=0021201142&GameEventID=201
,,,,,,,,,,2,3.48,Toronto Raptors,shot,,,,,,,,,,Lowry,,,,missed,,Jump Shot,,,33-49,18,http://stats.nba.com/cvp.html?GameID=0021201142&GameEventID=202
,,,,,,,,,,2,3.47,Milwaukee Bucks,rebound,,,,,,,,,,Sanders,,,,,,,,,33-49,,http://stats.nba.com/cvp.html?GameID=0021201142&GameEventID=203
,,,,,,,,,,2,3.42,Milwaukee Bucks,shot,Jennings,,,,,,,,,Sanders,2,,,made,,Dunk,,,33-51,1,http://stats.nba.com/cvp.html?GameID=0021201142&GameEventID=204
,,,,,,,,,,2,3.31,Toronto Raptors,timeout,,,,,,,,,,,,,,,,,,,33-51,,http://stats.nba.com/cvp.html?GameID=0021201142&GameEventID=205
,,,,,,,,,,2,3.18,Toronto Raptors,shot,,,Sanders,,,,,,,Johnson,,,,missed,,Layup,,,33-51,2,http://stats.nba.com/cvp.html?GameID=0021201142&GameEventID=207
,,,,,,,,,,2,3.16,Milwaukee Bucks,rebound,,,,,,,,,,Sanders,,,,,,,,,33-51,,http://stats.nba.com/cvp.html?GameID=0021201142&GameEventID=208
,,,,,,,,,,2,2.59,Milwaukee Bucks,shot,Sanders,,,,,,,,,Ilyasova,2,,,made,,Jump Shot,,,33-53,15,http://stats.nba.com/cvp.html?GameID=0021201142&GameEventID=209
,,,,,,,,,,2,2.42,Toronto Raptors,shot,,,Sanders,,,,,,,Johnson,,,,missed,,Layup,,,33-53,2,http://stats.nba.com/cvp.html?GameID=0021201142&GameEventID=210
,,,,,,,,,,2,2.40,Toronto Raptors,rebound,,,,,,,,,,Gay,,,,,,,,,33-53,,http://stats.nba.com/cvp.html?GameID=0021201142&GameEventID=211
,,,,,,,,,,2,2.37,Toronto Raptors,turnover,,,,,,,,,,Gay,,,Lost Ball,,Ellis,,,,33-53,,http://stats.nba.com/cvp.html?GameID=0021201142&GameEventID=212
,,,,,,,,,,2,2.37,Toronto Raptors,foul,,,,,,,,,,Gay,,,,,,Loose ball,,,33-53,,http://stats.nba.com/cvp.html?GameID=0021201142&GameEventID=213
,,,,,,,,,,2,2.37,Milwaukee Bucks,free throw,,,,,,,1,,2,Ellis,1,,foul,made,,,,,33-54,,http://stats.nba.com/cvp.html?GameID=0021201142&GameEventID=214
,,,,,,,,,,2,2.37,Milwaukee Bucks,free throw,,,,,,,2,,2,Ellis,1,,foul,made,,,,,33-55,,http://stats.nba.com/cvp.html?GameID=0021201142&GameEventID=216
,,,,,,,,,,2,2.22,Toronto Raptors,shot,,,,,,,,,,DeRozan,2,,,made,,Jump Shot,,,35-55,13,http://stats.nba.com/cvp.html?GameID=0021201142&GameEventID=218
,,,,,,,,,,2,2.09,Milwaukee Bucks,shot,,,,,,,,,,Jennings,,,,missed,,3PT Jump Shot,,,35-55,26,http://stats.nba.com/cvp.html?GameID=0021201142&GameEventID=219
,,,,,,,,,,2,2.08,Toronto Raptors,rebound,,,,,,,,,,Johnson,,,,,,,,,35-55,,http://stats.nba.com/cvp.html?GameID=0021201142&GameEventID=220
,,,,,,,,,,2,2.03,Toronto Raptors,shot,,,Sanders,,,,,,,Lowry,,,,missed,,Layup,,,35-55,2,http://stats.nba.com/cvp.html?GameID=0021201142&GameEventID=221
,,,,,,,,,,2,2.01,Milwaukee Bucks,rebound,,,,,,,,,,Ilyasova,,,,,,,,,35-55,,http://stats.nba.com/cvp.html?GameID=0021201142&GameEventID=222
,,,,,,,,,,2,1.59,Milwaukee Bucks,turnover,,,,,,,,,,Ilyasova,,,Bad Pass,,Johnson,,,,35-55,,http://stats.nba.com/cvp.html?GameID=0021201142&GameEventID=223
,,,,,,,,,,2,1.55,Toronto Raptors,shot,,,,,,,,,,Gay,,,,missed,,3PT Jump Shot,,,35-55,24,http://stats.nba.com/cvp.html?GameID=0021201142&GameEventID=224
,,,,,,,,,,2,1.54,Milwaukee Bucks,rebound,,,,,,,,,,Ellis,,,,,,,,,35-55,,http://stats.nba.com/cvp.html?GameID=0021201142&GameEventID=225
,,,,,,,,,,2,1.52,Milwaukee Bucks,shot,Ellis,,,,,,,,,Jennings,2,,,made,,Layup,,,35-57,1,http://stats.nba.com/cvp.html?GameID=0021201142&GameEventID=226
,,,,,,,,,,2,1.34,Toronto Raptors,shot,Lowry,,,,,,,,,Johnson,2,,,made,,Jump Shot,,,37-57,4,http://stats.nba.com/cvp.html?GameID=0021201142&GameEventID=227
,,,,,,,,,,2,1.15,Toronto Raptors,foul,,,,,,,,,,Johnson,,,,,,Shooting Block,,,37-57,,http://stats.nba.com/cvp.html?GameID=0021201142&GameEventID=228
,,,,,,,,,,2,1.15,Milwaukee Bucks,free throw,,,,,,,1,,2,Ilyasova,1,,foul,made,,,,,37-58,,http://stats.nba.com/cvp.html?GameID=0021201142&GameEventID=229
,,,,,,,,,,2,1.15,Milwaukee Bucks,free throw,,,,,,,2,,2,Ilyasova,1,,foul,made,,,,,37-59,,http://stats.nba.com/cvp.html?GameID=0021201142&GameEventID=231
,,,,,,,,,,2,1.00,Toronto Raptors,shot,,,,,,,,,,DeRozan,,,,missed,,Layup,,,37-59,2,http://stats.nba.com/cvp.html?GameID=0021201142&GameEventID=233
,,,,,,,,,,2,1.00,Toronto Raptors,rebound,,,,,,,,,,,,,,,,,,,37-59,,http://stats.nba.com/cvp.html?GameID=0021201142&GameEventID=234
,,,,,,,,,,2,0.57,Toronto Raptors,shot,,,,,,,,,,DeRozan,,,,missed,,Jump Shot,,,37-59,17,http://stats.nba.com/cvp.html?GameID=0021201142&GameEventID=235
,,,,,,,,,,2,0.56,Milwaukee Bucks,rebound,,,,,,,,,,Ilyasova,,,,,,,,,37-59,,http://stats.nba.com/cvp.html?GameID=0021201142&GameEventID=236
,,,,,,,,,,2,0.56,Toronto Raptors,foul,,,,,,,,,,DeRozan,,,,,,Technical,,,37-59,,http://stats.nba.com/cvp.html?GameID=0021201142&GameEventID=237
,,,,,,,,,,2,0.56,Milwaukee Bucks,free throw,,,,,,,,,,Jennings,,,Technical,missed,,,,,37-59,,http://stats.nba.com/cvp.html?GameID=0021201142&GameEventID=238
,,,,,,,,,,2,0.56,Milwaukee Bucks,rebound,,,,,,,,,,,,,,,,,,,37-59,,http://stats.nba.com/cvp.html?GameID=0021201142&GameEventID=239
,,,,,,,,,,2,0.36,Milwaukee Bucks,shot,,,,,,,,,,Ellis,,,,missed,,Layup,,,37-59,1,http://stats.nba.com/cvp.html?GameID=0021201142&GameEventID=240
,,,,,,,,,,2,0.36,Milwaukee Bucks,rebound,,,,,,,,,,Ilyasova,,,,,,,,,37-59,,http://stats.nba.com/cvp.html?GameID=0021201142&GameEventID=242
,,,,,,,,,,2,0.36,Milwaukee Bucks,shot,,,,,,,,,,Ilyasova,2,,,made,,Tip Shot,,,37-61,1,http://stats.nba.com/cvp.html?GameID=0021201142&GameEventID=241
,,,,,,,,,,2,0.32,Milwaukee Bucks,foul,,,,,,,,,,Ilyasova,,,,,,Personal Block,,,37-61,,http://stats.nba.com/cvp.html?GameID=0021201142&GameEventID=243
,,,,,,,,,,2,0.32,Milwaukee Bucks,substitute,,,,Redick,,Ilyasova,,,,,,,,,,,,,37-61,,http://stats.nba.com/cvp.html?GameID=0021201142&GameEventID=244
,,,,,,,,,,2,0.30,Toronto Raptors,shot,Fields,,,,,,,,,Lowry,3,,,made,,3PT Jump Shot,,,40-61,26,http://stats.nba.com/cvp.html?GameID=0021201142&GameEventID=245
,,,,,,,,,,2,0.11,Milwaukee Bucks,shot,,,Gay,,,,,,,Sanders,,,,missed,,Layup,,,40-61,2,http://stats.nba.com/cvp.html?GameID=0021201142&GameEventID=254
,,,,,,,,,,2,0.10,Toronto Raptors,rebound,,,,,,,,,,Fields,,,,,,,,,40-61,,http://stats.nba.com/cvp.html?GameID=0021201142&GameEventID=246
,,,,,,,,,,2,0.01,Toronto Raptors,shot,,,,,,,,,,Lowry,2,,,made,,Layup,,,42-61,,http://stats.nba.com/cvp.html?GameID=0021201142&GameEventID=247
,,,,,,,,,,2,0.01,Milwaukee Bucks,foul,,,,,,,,,,Sanders,,,,,,Shooting,,,42-61,,http://stats.nba.com/cvp.html?GameID=0021201142&GameEventID=248
,,,,,,,,,,2,0.01,Milwaukee Bucks,substitute,,,,Ayon,,Sanders,,,,,,,,,,,,,42-61,,http://stats.nba.com/cvp.html?GameID=0021201142&GameEventID=249
,,,,,,,,,,2,0.01,Toronto Raptors,free throw,,,,,,,1,,1,Lowry,,,foul,missed,,,,,42-61,,http://stats.nba.com/cvp.html?GameID=0021201142&GameEventID=250
,,,,,,,,,,2,0.00,Toronto Raptors,rebound,,,,,,,,,,Johnson,,,,,,,,,42-61,,http://stats.nba.com/cvp.html?GameID=0021201142&GameEventID=258
,,,,,,,,,,2,0.00,Toronto Raptors,shot,,,,,,,,,,Johnson,,,,missed,,Tip Shot,,,42-61,1,http://stats.nba.com/cvp.html?GameID=0021201142&GameEventID=252
,,,,,,,,,,2,0.00,Toronto Raptors,rebound,,,,,,,,,,,,,,,,,,,42-61,,http://stats.nba.com/cvp.html?GameID=0021201142&GameEventID=253
,,,,,,,,,,3,11.35,Milwaukee Bucks,shot,,,,,,,,,,Sanders,,,,missed,,Layup,,,42-61,1,http://stats.nba.com/cvp.html?GameID=0021201142&GameEventID=260
,,,,,,,,,,3,11.34,Toronto Raptors,rebound,,,,,,,,,,Lowry,,,,,,,,,42-61,,http://stats.nba.com/cvp.html?GameID=0021201142&GameEventID=261
,,,,,,,,,,3,11.16,Milwaukee Bucks,foul,,,,,,,,,,Daniels,,,,,,Shooting,,,42-61,,http://stats.nba.com/cvp.html?GameID=0021201142&GameEventID=262
,,,,,,,,,,3,11.16,Toronto Raptors,free throw,,,,,,,1,,2,Gay,1,,foul,made,,,,,43-61,,http://stats.nba.com/cvp.html?GameID=0021201142&GameEventID=263
,,,,,,,,,,3,11.16,Toronto Raptors,free throw,,,,,,,2,,2,Gay,1,,foul,made,,,,,44-61,,http://stats.nba.com/cvp.html?GameID=0021201142&GameEventID=265
,,,,,,,,,,3,11.00,Milwaukee Bucks,shot,,,,,,,,,,Jennings,,,,missed,,Layup,,,44-61,1,http://stats.nba.com/cvp.html?GameID=0021201142&GameEventID=267
,,,,,,,,,,3,10.58,Toronto Raptors,rebound,,,,,,,,,,Johnson,,,,,,,,,44-61,,http://stats.nba.com/cvp.html?GameID=0021201142&GameEventID=268
,,,,,,,,,,3,10.52,Toronto Raptors,shot,,,,,,,,,,Lowry,,,,missed,,Layup,,,44-61,1,http://stats.nba.com/cvp.html?GameID=0021201142&GameEventID=269
,,,,,,,,,,3,10.51,Milwaukee Bucks,rebound,,,,,,,,,,Ilyasova,,,,,,,,,44-61,,http://stats.nba.com/cvp.html?GameID=0021201142&GameEventID=270
,,,,,,,,,,3,10.51,Toronto Raptors,foul,,,,,,,,,,Gay,,,,,,Loose ball,,,44-61,,http://stats.nba.com/cvp.html?GameID=0021201142&GameEventID=271
,,,,,,,,,,3,10.32,Toronto Raptors,foul,,,,,,,,,,Lowry,,,,,,Shooting Block,,,44-61,,http://stats.nba.com/cvp.html?GameID=0021201142&GameEventID=272
,,,,,,,,,,3,10.32,Milwaukee Bucks,free throw,,,,,,,1,,2,Ellis,1,,foul,made,,,,,44-62,,http://stats.nba.com/cvp.html?GameID=0021201142&GameEventID=273
,,,,,,,,,,3,10.32,Milwaukee Bucks,free throw,,,,,,,2,,2,Ellis,1,,foul,made,,,,,44-63,,http://stats.nba.com/cvp.html?GameID=0021201142&GameEventID=275
,,,,,,,,,,3,10.15,Toronto Raptors,shot,,,,,,,,,,Valanciunas,,,,missed,,Jump Shot,,,44-63,15,http://stats.nba.com/cvp.html?GameID=0021201142&GameEventID=277
,,,,,,,,,,3,10.14,Toronto Raptors,rebound,,,,,,,,,,Lowry,,,,,,,,,44-63,,http://stats.nba.com/cvp.html?GameID=0021201142&GameEventID=278
,,,,,,,,,,3,10.05,Toronto Raptors,shot,,,,,,,,,,Gay,,,,missed,,Jump Hook Shot,,,44-63,8,http://stats.nba.com/cvp.html?GameID=0021201142&GameEventID=279
,,,,,,,,,,3,10.05,Milwaukee Bucks,rebound,,,,,,,,,,,,,,,,,,,44-63,,http://stats.nba.com/cvp.html?GameID=0021201142&GameEventID=280
,,,,,,,,,,3,10.05,Toronto Raptors,foul,,,,,,,,,,Valanciunas,,,,,,Loose ball,,,44-63,,http://stats.nba.com/cvp.html?GameID=0021201142&GameEventID=281
,,,,,,,,,,3,9.53,Milwaukee Bucks,shot,,,,,,,,,,Ilyasova,,,,missed,,3PT Jump Shot,,,44-63,25,http://stats.nba.com/cvp.html?GameID=0021201142&GameEventID=282
,,,,,,,,,,3,9.52,Toronto Raptors,rebound,,,,,,,,,,Gay,,,,,,,,,44-63,,http://stats.nba.com/cvp.html?GameID=0021201142&GameEventID=283
,,,,,,,,,,3,9.43,Toronto Raptors,shot,,,,,,,,,,Gay,,,,missed,,Jump Shot,,,44-63,4,http://stats.nba.com/cvp.html?GameID=0021201142&GameEventID=284
,,,,,,,,,,3,9.42,Milwaukee Bucks,rebound,,,,,,,,,,Sanders,,,,,,,,,44-63,,http://stats.nba.com/cvp.html?GameID=0021201142&GameEventID=285
,,,,,,,,,,3,9.30,Milwaukee Bucks,shot,,,,,,,,,,Ilyasova,,,,missed,,Jump Shot,,,44-63,15,http://stats.nba.com/cvp.html?GameID=0021201142&GameEventID=286
,,,,,,,,,,3,9.29,Toronto Raptors,rebound,,,,,,,,,,Johnson,,,,,,,,,44-63,,http://stats.nba.com/cvp.html?GameID=0021201142&GameEventID=287
,,,,,,,,,,3,9.14,Toronto Raptors,shot,,,,,,,,,,DeRozan,,,,missed,,Turnaround Jump Shot,,,44-63,10,http://stats.nba.com/cvp.html?GameID=0021201142&GameEventID=288
,,,,,,,,,,3,9.13,Milwaukee Bucks,rebound,,,,,,,,,,Ilyasova,,,,,,,,,44-63,,http://stats.nba.com/cvp.html?GameID=0021201142&GameEventID=289
,,,,,,,,,,3,8.56,Milwaukee Bucks,shot,,,,,,,,,,Ellis,,,,missed,,3PT Jump Shot,,,44-63,27,http://stats.nba.com/cvp.html?GameID=0021201142&GameEventID=290
,,,,,,,,,,3,8.55,Toronto Raptors,rebound,,,,,,,,,,Lowry,,,,,,,,,44-63,,http://stats.nba.com/cvp.html?GameID=0021201142&GameEventID=291
,,,,,,,,,,3,8.52,Toronto Raptors,turnover,,,,,,,,,,Johnson,,,Bad Pass,,,,,,44-63,,http://stats.nba.com/cvp.html?GameID=0021201142&GameEventID=292
,,,,,,,,,,3,8.52,Toronto Raptors,substitute,,,,Fields,,Valanciunas,,,,,,,,,,,,,44-63,,http://stats.nba.com/cvp.html?GameID=0021201142&GameEventID=293
,,,,,,,,,,3,8.44,Milwaukee Bucks,shot,,,,,,,,,,Ellis,,,,missed,,Jump Shot,,,44-63,14,http://stats.nba.com/cvp.html?GameID=0021201142&GameEventID=294
,,,,,,,,,,3,8.43,Toronto Raptors,rebound,,,,,,,,,,Gay,,,,,,,,,44-63,,http://stats.nba.com/cvp.html?GameID=0021201142&GameEventID=295
,,,,,,,,,,3,8.35,Toronto Raptors,shot,,,,,,,,,,DeRozan,,,,missed,,Jump Shot,,,44-63,11,http://stats.nba.com/cvp.html?GameID=0021201142&GameEventID=296
,,,,,,,,,,3,8.33,Milwaukee Bucks,rebound,,,,,,,,,,Sanders,,,,,,,,,44-63,,http://stats.nba.com/cvp.html?GameID=0021201142&GameEventID=297
,,,,,,,,,,3,8.19,Toronto Raptors,foul,,,,,,,,,,Lowry,,,,,,Shooting,,,44-63,,http://stats.nba.com/cvp.html?GameID=0021201142&GameEventID=298
,,,,,,,,,,3,8.19,Milwaukee Bucks,free throw,,,,,,,1,,2,Ilyasova,,,foul,missed,,,,,44-63,,http://stats.nba.com/cvp.html?GameID=0021201142&GameEventID=299
,,,,,,,,,,3,8.19,Milwaukee Bucks,rebound,,,,,,,,,,,,,,,,,,,44-63,,http://stats.nba.com/cvp.html?GameID=0021201142&GameEventID=300
,,,,,,,,,,3,8.19,Milwaukee Bucks,free throw,,,,,,,2,,2,Ilyasova,1,,foul,made,,,,,44-64,,http://stats.nba.com/cvp.html?GameID=0021201142&GameEventID=301
,,,,,,,,,,3,8.06,Milwaukee Bucks,foul,,,,,,,,,,Daniels,,,,,,Personal,,,44-64,,http://stats.nba.com/cvp.html?GameID=0021201142&GameEventID=303
,,,,,,,,,,3,7.57,Toronto Raptors,shot,,,Ilyasova,,,,,,,DeRozan,,,,missed,,Layup,,,44-64,2,http://stats.nba.com/cvp.html?GameID=0021201142&GameEventID=304
,,,,,,,,,,3,7.57,Toronto Raptors,rebound,,,,,,,,,,,,,,,,,,,44-64,,http://stats.nba.com/cvp.html?GameID=0021201142&GameEventID=305
,,,,,,,,,,3,7.49,Toronto Raptors,shot,,,,,,,,,,Lowry,,,,missed,,3PT Jump Shot,,,44-64,27,http://stats.nba.com/cvp.html?GameID=0021201142&GameEventID=306
,,,,,,,,,,3,7.48,Milwaukee Bucks,rebound,,,,,,,,,,Sanders,,,,,,,,,44-64,,http://stats.nba.com/cvp.html?GameID=0021201142&GameEventID=307
,,,,,,,,,,3,7.37,Milwaukee Bucks,shot,,,,,,,,,,Jennings,2,,,made,,Jump Shot,,,44-66,18,http://stats.nba.com/cvp.html?GameID=0021201142&GameEventID=308
,,,,,,,,,,3,7.18,Toronto Raptors,turnover,,,,,,,,,,Johnson,,,Bad Pass,,Jennings,,,,44-66,,http://stats.nba.com/cvp.html?GameID=0021201142&GameEventID=309
,,,,,,,,,,3,7.12,Milwaukee Bucks,turnover,,,,,,,,,,Daniels,,,Bad Pass,,,,,,44-66,,http://stats.nba.com/cvp.html?GameID=0021201142&GameEventID=310
,,,,,,,,,,3,7.04,Milwaukee Bucks,foul,,,,,,,,,,Jennings,,,,,,Personal,,,44-66,,http://stats.nba.com/cvp.html?GameID=0021201142&GameEventID=311
,,,,,,,,,,3,6.56,Toronto Raptors,turnover,,,,,,,,,,DeRozan,,,Lost Ball,,Jennings,,,,44-66,,http://stats.nba.com/cvp.html?GameID=0021201142&GameEventID=312
,,,,,,,,,,3,6.51,Milwaukee Bucks,shot,,,,,,,,,,Jennings,,,,missed,,Jump Shot,,,44-66,13,http://stats.nba.com/cvp.html?GameID=0021201142&GameEventID=313
,,,,,,,,,,3,6.50,Toronto Raptors,rebound,,,,,,,,,,DeRozan,,,,,,,,,44-66,,http://stats.nba.com/cvp.html?GameID=0021201142&GameEventID=314
,,,,,,,,,,3,6.39,Toronto Raptors,shot,,,,,,,,,,Gay,,,,missed,,3PT Jump Shot,,,44-66,24,http://stats.nba.com/cvp.html?GameID=0021201142&GameEventID=315
,,,,,,,,,,3,6.38,Milwaukee Bucks,rebound,,,,,,,,,,Sanders,,,,,,,,,44-66,,http://stats.nba.com/cvp.html?GameID=0021201142&GameEventID=316
,,,,,,,,,,3,6.23,Milwaukee Bucks,shot,,,,,,,,,,Jennings,2,,,made,,Driving Layup,,,44-68,1,http://stats.nba.com/cvp.html?GameID=0021201142&GameEventID=317
,,,,,,,,,,3,6.20,Toronto Raptors,timeout,,,,,,,,,,,,,,,,,,,44-68,,http://stats.nba.com/cvp.html?GameID=0021201142&GameEventID=318
,,,,,,,,,,3,6.20,Toronto Raptors,substitute,,,,Ross,,Gay,,,,,,,,,,,,,44-68,,http://stats.nba.com/cvp.html?GameID=0021201142&GameEventID=320
,,,,,,,,,,3,6.20,Toronto Raptors,substitute,,,,Telfair,,Lowry,,,,,,,,,,,,,44-68,,http://stats.nba.com/cvp.html?GameID=0021201142&GameEventID=321
,,,,,,,,,,3,6.05,Toronto Raptors,shot,Johnson,,,,,,,,,DeRozan,2,,,made,,Jump Shot,,,46-68,13,http://stats.nba.com/cvp.html?GameID=0021201142&GameEventID=322
,,,,,,,,,,3,5.50,Milwaukee Bucks,shot,Jennings,,,,,,,,,Ilyasova,2,,,made,,Jump Shot,,,46-70,18,http://stats.nba.com/cvp.html?GameID=0021201142&GameEventID=323
,,,,,,,,,,3,5.41,Toronto Raptors,foul,,,,,,,,,,,,,,,,,,,46-70,,http://stats.nba.com/cvp.html?GameID=0021201142&GameEventID=324
,,,,,,,,,,3,5.41,Toronto Raptors,turnover,,,,,,,,,,Johnson,,,Foul,,,,,,46-70,,http://stats.nba.com/cvp.html?GameID=0021201142&GameEventID=325
,,,,,,,,,,3,5.29,Milwaukee Bucks,shot,,,,,,,,,,Ellis,2,,,made,,Driving Layup,,,46-72,,http://stats.nba.com/cvp.html?GameID=0021201142&GameEventID=326
,,,,,,,,,,3,5.15,Milwaukee Bucks,foul,,,,,,,,,,Sanders,,,,,,Personal,,,46-72,,http://stats.nba.com/cvp.html?GameID=0021201142&GameEventID=327
,,,,,,,,,,3,5.06,Toronto Raptors,turnover,,,,,,,,,,Telfair,,,Bad Pass,,Ellis,,,,46-72,,http://stats.nba.com/cvp.html?GameID=0021201142&GameEventID=328
,,,,,,,,,,3,5.01,Milwaukee Bucks,shot,Jennings,,,,,,,,,Sanders,2,,,made,,Alley Oop Dunk,,,46-74,1,http://stats.nba.com/cvp.html?GameID=0021201142&GameEventID=329
,,,,,,,,,,3,4.44,Toronto Raptors,turnover,,,,,,,,,,Fields,,,Traveling,,,,,,46-74,,http://stats.nba.com/cvp.html?GameID=0021201142&GameEventID=330
,,,,,,,,,,3,4.34,Toronto Raptors,foul,,,,,,,,,,Ross,,,,,,Shooting,,,46-74,,http://stats.nba.com/cvp.html?GameID=0021201142&GameEventID=331
,,,,,,,,,,3,4.34,Milwaukee Bucks,free throw,,,,,,,1,,2,Ellis,1,,foul,made,,,,,46-75,,http://stats.nba.com/cvp.html?GameID=0021201142&GameEventID=332
,,,,,,,,,,3,4.34,Toronto Raptors,substitute,,,,Anderson,,DeRozan,,,,,,,,,,,,,46-75,,http://stats.nba.com/cvp.html?GameID=0021201142&GameEventID=334
,,,,,,,,,,3,4.34,Milwaukee Bucks,free throw,,,,,,,2,,2,Ellis,1,,foul,made,,,,,46-76,,http://stats.nba.com/cvp.html?GameID=0021201142&GameEventID=335
,,,,,,,,,,3,4.15,Toronto Raptors,shot,,,,,,,,,,Anderson,,,,missed,,3PT Jump Shot,,,46-76,26,http://stats.nba.com/cvp.html?GameID=0021201142&GameEventID=337
,,,,,,,,,,3,4.13,Milwaukee Bucks,rebound,,,,,,,,,,Ilyasova,,,,,,,,,46-76,,http://stats.nba.com/cvp.html?GameID=0021201142&GameEventID=338
,,,,,,,,,,3,4.06,Milwaukee Bucks,shot,,,,,,,,,,Jennings,2,,,made,,Floating Jump Shot,,,46-78,4,http://stats.nba.com/cvp.html?GameID=0021201142&GameEventID=339
,,,,,,,,,,3,3.50,Toronto Raptors,turnover,,,,,,,,,,Fields,,,Bad Pass,,Jennings,,,,46-78,,http://stats.nba.com/cvp.html?GameID=0021201142&GameEventID=340
,,,,,,,,,,3,3.41,Milwaukee Bucks,shot,,,,,,,,,,Ellis,,,,missed,,3PT Jump Shot,,,46-78,25,http://stats.nba.com/cvp.html?GameID=0021201142&GameEventID=341
,,,,,,,,,,3,3.40,Toronto Raptors,rebound,,,,,,,,,,Anderson,,,,,,,,,46-78,,http://stats.nba.com/cvp.html?GameID=0021201142&GameEventID=342
,,,,,,,,,,3,3.24,Toronto Raptors,shot,,,,,,,,,,Telfair,,,,missed,,3PT Jump Shot,,,46-78,25,http://stats.nba.com/cvp.html?GameID=0021201142&GameEventID=343
,,,,,,,,,,3,3.22,Milwaukee Bucks,rebound,,,,,,,,,,Ellis,,,,,,,,,46-78,,http://stats.nba.com/cvp.html?GameID=0021201142&GameEventID=344
,,,,,,,,,,3,3.03,Milwaukee Bucks,shot,,,,,,,,,,Ilyasova,,,,missed,,3PT Jump Shot,,,46-78,26,http://stats.nba.com/cvp.html?GameID=0021201142&GameEventID=345
,,,,,,,,,,3,3.02,Toronto Raptors,rebound,,,,,,,,,,Fields,,,,,,,,,46-78,,http://stats.nba.com/cvp.html?GameID=0021201142&GameEventID=346
,,,,,,,,,,3,2.42,Toronto Raptors,shot,,,,,,,,,,Anderson,2,,,made,,Jump Shot,,,48-78,7,http://stats.nba.com/cvp.html?GameID=0021201142&GameEventID=347
,,,,,,,,,,3,2.42,Milwaukee Bucks,timeout,,,,,,,,,,,,,,,,,,,48-78,,http://stats.nba.com/cvp.html?GameID=0021201142&GameEventID=348
,,,,,,,,,,3,2.42,Toronto Raptors,substitute,,,,Acy,,Johnson,,,,,,,,,,,,,48-78,,http://stats.nba.com/cvp.html?GameID=0021201142&GameEventID=350
,,,,,,,,,,3,2.42,Milwaukee Bucks,substitute,,,,Redick,,Jennings,,,,,,,,,,,,,48-78,,http://stats.nba.com/cvp.html?GameID=0021201142&GameEventID=351
,,,,,,,,,,3,2.42,Milwaukee Bucks,substitute,,,,Ayon,,Sanders,,,,,,,,,,,,,48-78,,http://stats.nba.com/cvp.html?GameID=0021201142&GameEventID=352
,,,,,,,,,,3,2.25,Milwaukee Bucks,turnover,,,,,,,,,,Ellis,,,Lost Ball,,Ross,,,,48-78,,http://stats.nba.com/cvp.html?GameID=0021201142&GameEventID=353
,,,,,,,,,,3,2.14,Toronto Raptors,turnover,,,,,,,,,,Telfair,,,Bad Pass,,Ellis,,,,48-78,,http://stats.nba.com/cvp.html?GameID=0021201142&GameEventID=354
,,,,,,,,,,3,2.10,Milwaukee Bucks,turnover,,,,,,,,,,Ayon,,,Traveling,,,,,,48-78,,http://stats.nba.com/cvp.html?GameID=0021201142&GameEventID=355
,,,,,,,,,,3,1.58,Toronto Raptors,shot,,,,,,,,,,Ross,,,,missed,,Jump Shot,,,48-78,10,http://stats.nba.com/cvp.html?GameID=0021201142&GameEventID=356
,,,,,,,,,,3,1.56,Toronto Raptors,rebound,,,,,,,,,,,,,,,,,,,48-78,,http://stats.nba.com/cvp.html?GameID=0021201142&GameEventID=358
,,,,,,,,,,3,1.50,Toronto Raptors,shot,Telfair,,,,,,,,,Fields,2,,,made,,Layup,,,50-78,1,http://stats.nba.com/cvp.html?GameID=0021201142&GameEventID=359
,,,,,,,,,,3,1.50,Milwaukee Bucks,foul,,,,,,,,,,Ilyasova,,,,,,Shooting,,,50-78,,http://stats.nba.com/cvp.html?GameID=0021201142&GameEventID=360
,,,,,,,,,,3,1.50,Toronto Raptors,free throw,,,,,,,1,,1,Fields,1,,foul,made,,,,,51-78,,http://stats.nba.com/cvp.html?GameID=0021201142&GameEventID=361
,,,,,,,,,,3,1.29,Milwaukee Bucks,shot,,,,,,,,,,Ilyasova,,,,missed,,Jump Shot,,,51-78,16,http://stats.nba.com/cvp.html?GameID=0021201142&GameEventID=363
,,,,,,,,,,3,1.29,Milwaukee Bucks,rebound,,,,,,,,,,,,,,,,,,,51-78,,http://stats.nba.com/cvp.html?GameID=0021201142&GameEventID=364
,,,,,,,,,,3,1.29,Toronto Raptors,foul,,,,,,,,,,Acy,,,,,,Loose ball,,,51-78,,http://stats.nba.com/cvp.html?GameID=0021201142&GameEventID=365
,,,,,,,,,,3,1.29,Milwaukee Bucks,free throw,,,,,,,1,,2,Ayon,,,foul,missed,,,,,51-78,,http://stats.nba.com/cvp.html?GameID=0021201142&GameEventID=366
,,,,,,,,,,3,1.29,Milwaukee Bucks,rebound,,,,,,,,,,,,,,,,,,,51-78,,http://stats.nba.com/cvp.html?GameID=0021201142&GameEventID=367
,,,,,,,,,,3,1.29,Milwaukee Bucks,substitute,,,,Mbah a Moute,,Ilyasova,,,,,,,,,,,,,51-78,,http://stats.nba.com/cvp.html?GameID=0021201142&GameEventID=368
,,,,,,,,,,3,1.29,Milwaukee Bucks,free throw,,,,,,,2,,2,Ayon,,,foul,missed,,,,,51-78,,http://stats.nba.com/cvp.html?GameID=0021201142&GameEventID=369
,,,,,,,,,,3,1.27,Toronto Raptors,rebound,,,,,,,,,,Acy,,,,,,,,,51-78,,http://stats.nba.com/cvp.html?GameID=0021201142&GameEventID=371
,,,,,,,,,,3,1.07,Toronto Raptors,shot,,,,,,,,,,Acy,,,,missed,,Jump Shot,,,51-78,17,http://stats.nba.com/cvp.html?GameID=0021201142&GameEventID=372
,,,,,,,,,,3,1.06,Milwaukee Bucks,rebound,,,,,,,,,,Mbah a Moute,,,,,,,,,51-78,,http://stats.nba.com/cvp.html?GameID=0021201142&GameEventID=373
,,,,,,,,,,3,0.56,Toronto Raptors,foul,,,,,,,,,,Ross,,,,,,Personal,,,51-78,,http://stats.nba.com/cvp.html?GameID=0021201142&GameEventID=374
,,,,,,,,,,3,0.56,Milwaukee Bucks,free throw,,,,,,,1,,2,Redick,1,,foul,made,,,,,51-79,,http://stats.nba.com/cvp.html?GameID=0021201142&GameEventID=375
,,,,,,,,,,3,0.56,Milwaukee Bucks,free throw,,,,,,,2,,2,Redick,1,,foul,made,,,,,51-80,,http://stats.nba.com/cvp.html?GameID=0021201142&GameEventID=377
,,,,,,,,,,3,0.40,Toronto Raptors,shot,,,,,,,,,,Anderson,2,,,made,,Jump Hook Shot,,,53-80,7,http://stats.nba.com/cvp.html?GameID=0021201142&GameEventID=379
,,,,,,,,,,3,0.27,Milwaukee Bucks,turnover,,,,,,,,,,Ellis,,,Bad Pass,,Ross,,,,53-80,,http://stats.nba.com/cvp.html?GameID=0021201142&GameEventID=380
,,,,,,,,,,3,0.19,Toronto Raptors,shot,,,,,,,,,,Acy,2,,,made,,Running Dunk,,,55-80,,http://stats.nba.com/cvp.html?GameID=0021201142&GameEventID=382
,,,,,,,,,,3,0.00,Milwaukee Bucks,turnover,,,,,,,,,,Ellis,,,Lost Ball,,Acy,,,,55-80,,http://stats.nba.com/cvp.html?GameID=0021201142&GameEventID=383
,,,,,,,,,,4,11.44,Toronto Raptors,shot,,,,,,,,,,Ross,,,,missed,,Layup,,,55-80,1,http://stats.nba.com/cvp.html?GameID=0021201142&GameEventID=387
,,,,,,,,,,4,11.43,Milwaukee Bucks,rebound,,,,,,,,,,Ellis,,,,,,,,,55-80,,http://stats.nba.com/cvp.html?GameID=0021201142&GameEventID=388
,,,,,,,,,,4,11.26,Milwaukee Bucks,shot,Redick,,,,,,,,,Mbah a Moute,2,,,made,,Layup,,,55-82,1,http://stats.nba.com/cvp.html?GameID=0021201142&GameEventID=389
,,,,,,,,,,4,11.02,Toronto Raptors,shot,Acy,,,,,,,,,Anderson,3,,,made,,3PT Jump Shot,,,58-82,25,http://stats.nba.com/cvp.html?GameID=0021201142&GameEventID=390
,,,,,,,,,,4,10.42,Toronto Raptors,foul,,,,,,,,,,Acy,,,,,,Shooting,,,58-82,,http://stats.nba.com/cvp.html?GameID=0021201142&GameEventID=391
,,,,,,,,,,4,10.42,Milwaukee Bucks,free throw,,,,,,,1,,2,Ellis,1,,foul,made,,,,,58-83,,http://stats.nba.com/cvp.html?GameID=0021201142&GameEventID=392
,,,,,,,,,,4,10.42,Milwaukee Bucks,free throw,,,,,,,2,,2,Ellis,1,,foul,made,,,,,58-84,,http://stats.nba.com/cvp.html?GameID=0021201142&GameEventID=394
,,,,,,,,,,4,10.27,Milwaukee Bucks,foul,,,,,,,,,,Dunleavy,,,,,,Personal,,,58-84,,http://stats.nba.com/cvp.html?GameID=0021201142&GameEventID=396
,,,,,,,,,,4,10.23,Milwaukee Bucks,foul,,,,,,,,,,Dunleavy,,,,,,Personal,,,58-84,,http://stats.nba.com/cvp.html?GameID=0021201142&GameEventID=397
,,,,,,,,,,4,10.13,Toronto Raptors,shot,,,Redick,,,,,,,Acy,,,,missed,,Layup,,,58-84,1,http://stats.nba.com/cvp.html?GameID=0021201142&GameEventID=398
,,,,,,,,,,4,10.13,Toronto Raptors,rebound,,,,,,,,,,,,,,,,,,,58-84,,http://stats.nba.com/cvp.html?GameID=0021201142&GameEventID=399
,,,,,,,,,,4,10.10,Toronto Raptors,shot,,,,,,,,,,Telfair,,,,missed,,Jump Shot,,,58-84,18,http://stats.nba.com/cvp.html?GameID=0021201142&GameEventID=400
,,,,,,,,,,4,10.08,Milwaukee Bucks,rebound,,,,,,,,,,Mbah a Moute,,,,,,,,,58-84,,http://stats.nba.com/cvp.html?GameID=0021201142&GameEventID=401
,,,,,,,,,,4,9.56,Milwaukee Bucks,shot,,,,,,,,,,Mbah a Moute,,,,missed,,Jump Shot,,,58-84,18,http://stats.nba.com/cvp.html?GameID=0021201142&GameEventID=402
,,,,,,,,,,4,9.55,Toronto Raptors,rebound,,,,,,,,,,,,,,,,,,,58-84,,http://stats.nba.com/cvp.html?GameID=0021201142&GameEventID=403
,,,,,,,,,,4,9.38,Milwaukee Bucks,foul,,,,,,,,,,Ayon,,,,,,Shooting,,,58-84,,http://stats.nba.com/cvp.html?GameID=0021201142&GameEventID=404
,,,,,,,,,,4,9.38,Toronto Raptors,free throw,,,,,,,1,,2,Valanciunas,1,,foul,made,,,,,59-84,,http://stats.nba.com/cvp.html?GameID=0021201142&GameEventID=405
,,,,,,,,,,4,9.38,Toronto Raptors,free throw,,,,,,,2,,2,Valanciunas,1,,foul,made,,,,,60-84,,http://stats.nba.com/cvp.html?GameID=0021201142&GameEventID=407
,,,,,,,,,,4,9.15,Milwaukee Bucks,shot,,,,,,,,,,Redick,,,,missed,,3PT Jump Shot,,,60-84,24,http://stats.nba.com/cvp.html?GameID=0021201142&GameEventID=409
,,,,,,,,,,4,9.14,Milwaukee Bucks,rebound,,,,,,,,,,Mbah a Moute,,,,,,,,,60-84,,http://stats.nba.com/cvp.html?GameID=0021201142&GameEventID=410
,,,,,,,,,,4,9.14,Toronto Raptors,foul,,,,,,,,,,Valanciunas,,,,,,Shooting,,,60-84,,http://stats.nba.com/cvp.html?GameID=0021201142&GameEventID=411
,,,,,,,,,,4,9.14,Milwaukee Bucks,free throw,,,,,,,1,,2,Mbah a Moute,,,foul,missed,,,,,60-84,,http://stats.nba.com/cvp.html?GameID=0021201142&GameEventID=412
,,,,,,,,,,4,9.14,Milwaukee Bucks,rebound,,,,,,,,,,,,,,,,,,,60-84,,http://stats.nba.com/cvp.html?GameID=0021201142&GameEventID=413
,,,,,,,,,,4,9.14,Milwaukee Bucks,free throw,,,,,,,2,,2,Mbah a Moute,1,,foul,made,,,,,60-85,,http://stats.nba.com/cvp.html?GameID=0021201142&GameEventID=414
,,,,,,,,,,4,8.58,Toronto Raptors,shot,,,,,,,,,,Telfair,,,,missed,,3PT Jump Shot,,,60-85,26,http://stats.nba.com/cvp.html?GameID=0021201142&GameEventID=416
,,,,,,,,,,4,8.57,Toronto Raptors,rebound,,,,,,,,,,Valanciunas,,,,,,,,,60-85,,http://stats.nba.com/cvp.html?GameID=0021201142&GameEventID=417
,,,,,,,,,,4,8.53,Toronto Raptors,shot,,,Dunleavy,,,,,,,Anderson,,,,missed,,3PT Jump Shot,,,60-85,27,http://stats.nba.com/cvp.html?GameID=0021201142&GameEventID=418
,,,,,,,,,,4,8.51,Milwaukee Bucks,rebound,,,,,,,,,,Ayon,,,,,,,,,60-85,,http://stats.nba.com/cvp.html?GameID=0021201142&GameEventID=419
,,,,,,,,,,4,8.39,Milwaukee Bucks,shot,,,,,,,,,,Dunleavy,,,,missed,,3PT Jump Shot,,,60-85,26,http://stats.nba.com/cvp.html?GameID=0021201142&GameEventID=420
,,,,,,,,,,4,8.38,Milwaukee Bucks,rebound,,,,,,,,,,Ayon,,,,,,,,,60-85,,http://stats.nba.com/cvp.html?GameID=0021201142&GameEventID=421
,,,,,,,,,,4,8.31,Milwaukee Bucks,shot,,,,,,,,,,Mbah a Moute,,,,missed,,Layup,,,60-85,2,http://stats.nba.com/cvp.html?GameID=0021201142&GameEventID=422
,,,,,,,,,,4,8.29,Milwaukee Bucks,rebound,,,,,,,,,,Mbah a Moute,,,,,,,,,60-85,,http://stats.nba.com/cvp.html?GameID=0021201142&GameEventID=423
,,,,,,,,,,4,8.14,Milwaukee Bucks,shot,,,,,,,,,,Mbah a Moute,,,,missed,,Jump Shot,,,60-85,18,http://stats.nba.com/cvp.html?GameID=0021201142&GameEventID=424
,,,,,,,,,,4,8.13,Toronto Raptors,rebound,,,,,,,,,,Valanciunas,,,,,,,,,60-85,,http://stats.nba.com/cvp.html?GameID=0021201142&GameEventID=425
,,,,,,,,,,4,8.06,Milwaukee Bucks,foul,,,,,,,,,,Ellis,,,,,,Shooting,,,60-85,,http://stats.nba.com/cvp.html?GameID=0021201142&GameEventID=426
,,,,,,,,,,4,8.06,Toronto Raptors,free throw,,,,,,,1,,2,Telfair,1,,foul,made,,,,,61-85,,http://stats.nba.com/cvp.html?GameID=0021201142&GameEventID=430
,,,,,,,,,,4,8.06,Toronto Raptors,free throw,,,,,,,2,,2,Telfair,,,foul,missed,,,,,61-85,,http://stats.nba.com/cvp.html?GameID=0021201142&GameEventID=432
,,,,,,,,,,4,8.05,Milwaukee Bucks,rebound,,,,,,,,,,Ayon,,,,,,,,,61-85,,http://stats.nba.com/cvp.html?GameID=0021201142&GameEventID=434
,,,,,,,,,,4,7.50,Milwaukee Bucks,shot,Ellis,,,,,,,,,Dunleavy,2,,,made,,Running Hook Shot,,,61-87,4,http://stats.nba.com/cvp.html?GameID=0021201142&GameEventID=435
,,,,,,,,,,4,7.32,Toronto Raptors,shot,Telfair,,,,,,,,,Acy,3,,,made,,3PT Jump Shot,,,64-87,24,http://stats.nba.com/cvp.html?GameID=0021201142&GameEventID=436
,,,,,,,,,,4,7.16,Milwaukee Bucks,turnover,,,,,,,,,,Redick,,,Traveling,,,,,,64-87,,http://stats.nba.com/cvp.html?GameID=0021201142&GameEventID=437
,,,,,,,,,,4,6.59,Milwaukee Bucks,foul,,,,,,,,,,Ayon,,,,,,Shooting,,,64-87,,http://stats.nba.com/cvp.html?GameID=0021201142&GameEventID=438
,,,,,,,,,,4,6.59,Toronto Raptors,free throw,,,,,,,1,,2,Valanciunas,1,,foul,made,,,,,65-87,,http://stats.nba.com/cvp.html?GameID=0021201142&GameEventID=439
,,,,,,,,,,4,6.59,Toronto Raptors,free throw,,,,,,,2,,2,Valanciunas,1,,foul,made,,,,,66-87,,http://stats.nba.com/cvp.html?GameID=0021201142&GameEventID=441
,,,,,,,,,,4,6.42,Milwaukee Bucks,turnover,,,,,,,,,,Ellis,,,Lost Ball,,Acy,,,,66-87,,http://stats.nba.com/cvp.html?GameID=0021201142&GameEventID=443
,,,,,,,,,,4,6.38,Toronto Raptors,shot,Acy,,,,,,,,,Ross,2,,,made,,Dunk,,,68-87,2,http://stats.nba.com/cvp.html?GameID=0021201142&GameEventID=444
,,,,,,,,,,4,6.38,Milwaukee Bucks,timeout,,,,,,,,,,,,,,,,,,,68-87,,http://stats.nba.com/cvp.html?GameID=0021201142&GameEventID=445
,,,,,,,,,,4,6.26,Milwaukee Bucks,shot,Ellis,,,,,,,,,Dunleavy,3,,,made,,3PT Jump Shot,,,68-90,26,http://stats.nba.com/cvp.html?GameID=0021201142&GameEventID=447
,,,,,,,,,,4,6.05,Toronto Raptors,shot,,,,,,,,,,Anderson,,,,missed,,Jump Shot,,,68-90,8,http://stats.nba.com/cvp.html?GameID=0021201142&GameEventID=448
,,,,,,,,,,4,6.04,Milwaukee Bucks,rebound,,,,,,,,,,Mbah a Moute,,,,,,,,,68-90,,http://stats.nba.com/cvp.html?GameID=0021201142&GameEventID=449
,,,,,,,,,,4,5.53,Milwaukee Bucks,shot,,,,,,,,,,Dunleavy,,,,missed,,Jump Shot,,,68-90,14,http://stats.nba.com/cvp.html?GameID=0021201142&GameEventID=450
,,,,,,,,,,4,5.52,Milwaukee Bucks,rebound,,,,,,,,,,Ayon,,,,,,,,,68-90,,http://stats.nba.com/cvp.html?GameID=0021201142&GameEventID=451
,,,,,,,,,,4,5.50,Milwaukee Bucks,turnover,,,,,,,,,,Ayon,,,Step Out of Bounds,,,,,,68-90,,http://stats.nba.com/cvp.html?GameID=0021201142&GameEventID=452
,,,,,,,,,,4,5.30,Toronto Raptors,turnover,,,,,,,,,,Acy,,,Lost Ball,,Moute,,,,68-90,,http://stats.nba.com/cvp.html?GameID=0021201142&GameEventID=453
,,,,,,,,,,4,5.26,Milwaukee Bucks,turnover,,,,,,,,,,Ayon,,,Bad Pass,,Telfair,,,,68-90,,http://stats.nba.com/cvp.html?GameID=0021201142&GameEventID=454
,,,,,,,,,,4,5.23,Milwaukee Bucks,foul,,,,,,,,,,Ayon,,,,,,Shooting,,,68-90,,http://stats.nba.com/cvp.html?GameID=0021201142&GameEventID=455
,,,,,,,,,,4,5.23,Toronto Raptors,free throw,,,,,,,1,,2,Valanciunas,1,,foul,made,,,,,69-90,,http://stats.nba.com/cvp.html?GameID=0021201142&GameEventID=456
,,,,,,,,,,4,5.23,Toronto Raptors,free throw,,,,,,,2,,2,Valanciunas,1,,foul,made,,,,,70-90,,http://stats.nba.com/cvp.html?GameID=0021201142&GameEventID=458
,,,,,,,,,,4,5.08,Milwaukee Bucks,shot,Ayon,,,,,,,,,Mbah a Moute,2,,,made,,Reverse Layup,,,70-92,1,http://stats.nba.com/cvp.html?GameID=0021201142&GameEventID=460
,,,,,,,,,,4,4.58,Toronto Raptors,turnover,,,,,,,,,,Telfair,,,Bad Pass,,,,,,70-92,,http://stats.nba.com/cvp.html?GameID=0021201142&GameEventID=461
,,,,,,,,,,4,4.51,Milwaukee Bucks,substitute,,,,Smith,,Ellis,,,,,,,,,,,,,70-92,,http://stats.nba.com/cvp.html?GameID=0021201142&GameEventID=462
,,,,,,,,,,4,4.33,Milwaukee Bucks,shot,,,,,,,,,,Smith,,,,missed,,Jump Shot,,,70-92,14,http://stats.nba.com/cvp.html?GameID=0021201142&GameEventID=464
,,,,,,,,,,4,4.32,Milwaukee Bucks,rebound,,,,,,,,,,Ayon,,,,,,,,,70-92,,http://stats.nba.com/cvp.html?GameID=0021201142&GameEventID=465
,,,,,,,,,,4,4.27,Milwaukee Bucks,shot,Smith,,,,,,,,,Dunleavy,3,,,made,,3PT Jump Shot,,,70-95,25,http://stats.nba.com/cvp.html?GameID=0021201142&GameEventID=466
,,,,,,,,,,4,4.09,Toronto Raptors,shot,Telfair,,,,,,,,,Ross,2,,,made,,Turnaround Jump Shot,,,72-95,7,http://stats.nba.com/cvp.html?GameID=0021201142&GameEventID=467
,,,,,,,,,,4,3.51,Milwaukee Bucks,shot,,,,,,,,,,Ayon,,,,missed,,Jump Shot,,,72-95,11,http://stats.nba.com/cvp.html?GameID=0021201142&GameEventID=468
,,,,,,,,,,4,3.50,Toronto Raptors,rebound,,,,,,,,,,Valanciunas,,,,,,,,,72-95,,http://stats.nba.com/cvp.html?GameID=0021201142&GameEventID=469
,,,,,,,,,,4,3.40,Milwaukee Bucks,foul,,,,,,,,,,Smith,,,,,,Shooting,,,72-95,,http://stats.nba.com/cvp.html?GameID=0021201142&GameEventID=470
,,,,,,,,,,4,3.40,Toronto Raptors,free throw,,,,,,,1,,2,Ross,1,,foul,made,,,,,73-95,,http://stats.nba.com/cvp.html?GameID=0021201142&GameEventID=471
,,,,,,,,,,4,3.40,Milwaukee Bucks,substitute,,,,Henson,,Mbah a Moute,,,,,,,,,,,,,73-95,,http://stats.nba.com/cvp.html?GameID=0021201142&GameEventID=473
,,,,,,,,,,4,3.40,Toronto Raptors,free throw,,,,,,,2,,2,Ross,1,,foul,made,,,,,74-95,,http://stats.nba.com/cvp.html?GameID=0021201142&GameEventID=474
,,,,,,,,,,4,3.26,Milwaukee Bucks,shot,,,,,,,,,,Ayon,,,,missed,,Layup,,,74-95,1,http://stats.nba.com/cvp.html?GameID=0021201142&GameEventID=476
,,,,,,,,,,4,3.24,Toronto Raptors,rebound,,,,,,,,,,Acy,,,,,,,,,74-95,,http://stats.nba.com/cvp.html?GameID=0021201142&GameEventID=477
,,,,,,,,,,4,3.14,Toronto Raptors,shot,Anderson,,,,,,,,,Valanciunas,2,,,made,,Dunk,,,76-95,1,http://stats.nba.com/cvp.html?GameID=0021201142&GameEventID=478
,,,,,,,,,,4,2.50,Milwaukee Bucks,turnover,,,,,,,,,,Dunleavy,,,Lost Ball,,Telfair,,,,76-95,,http://stats.nba.com/cvp.html?GameID=0021201142&GameEventID=479
,,,,,,,,,,4,2.45,Toronto Raptors,shot,,,,,,,,,,Anderson,2,,,made,,Jump Shot,,,78-95,18,http://stats.nba.com/cvp.html?GameID=0021201142&GameEventID=480
,,,,,,,,,,4,2.45,Milwaukee Bucks,foul,,,,,,,,,,Dunleavy,,,,,,Shooting,,,78-95,,http://stats.nba.com/cvp.html?GameID=0021201142&GameEventID=481
,,,,,,,,,,4,2.45,Toronto Raptors,timeout,,,,,,,,,,,,,,,,,,,78-95,,http://stats.nba.com/cvp.html?GameID=0021201142&GameEventID=482
,,,,,,,,,,4,2.45,Milwaukee Bucks,substitute,,,,Gooden,,Ayon,,,,,,,,,,,,,78-95,,http://stats.nba.com/cvp.html?GameID=0021201142&GameEventID=484
,,,,,,,,,,4,2.45,Toronto Raptors,free throw,,,,,,,1,,1,Anderson,1,,foul,made,,,,,79-95,,http://stats.nba.com/cvp.html?GameID=0021201142&GameEventID=485
,,,,,,,,,,4,2.29,Milwaukee Bucks,shot,,,,,,,,,,Gooden,,,,missed,,Jump Shot,,,79-95,20,http://stats.nba.com/cvp.html?GameID=0021201142&GameEventID=487
,,,,,,,,,,4,2.28,Milwaukee Bucks,rebound,,,,,,,,,,Henson,,,,,,,,,79-95,,http://stats.nba.com/cvp.html?GameID=0021201142&GameEventID=488
,,,,,,,,,,4,2.24,Milwaukee Bucks,shot,Dunleavy,,,,,,,,,Smith,2,,,made,,Layup,,,79-97,1,http://stats.nba.com/cvp.html?GameID=0021201142&GameEventID=490
,,,,,,,,,,4,1.58,Toronto Raptors,shot,,,,,,,,,,Acy,2,,,made,,Jump Shot,,,81-97,14,http://stats.nba.com/cvp.html?GameID=0021201142&GameEventID=491
,,,,,,,,,,4,1.40,Toronto Raptors,foul,,,,,,,,,,Anderson,,,,,,Shooting,,,81-97,,http://stats.nba.com/cvp.html?GameID=0021201142&GameEventID=492
,,,,,,,,,,4,1.40,Milwaukee Bucks,free throw,,,,,,,1,,2,Gooden,1,,foul,made,,,,,81-98,,http://stats.nba.com/cvp.html?GameID=0021201142&GameEventID=493
,,,,,,,,,,4,1.40,Milwaukee Bucks,free throw,,,,,,,2,,2,Gooden,,,foul,missed,,,,,81-98,,http://stats.nba.com/cvp.html?GameID=0021201142&GameEventID=495
,,,,,,,,,,4,1.39,Toronto Raptors,rebound,,,,,,,,,,Telfair,,,,,,,,,81-98,,http://stats.nba.com/cvp.html?GameID=0021201142&GameEventID=497
,,,,,,,,,,4,1.27,Milwaukee Bucks,foul,,,,,,,,,,Gooden,,,,,,Shooting,,,81-98,,http://stats.nba.com/cvp.html?GameID=0021201142&GameEventID=498
,,,,,,,,,,4,1.27,Toronto Raptors,free throw,,,,,,,1,,2,Acy,1,,foul,made,,,,,82-98,,http://stats.nba.com/cvp.html?GameID=0021201142&GameEventID=499
,,,,,,,,,,4,1.27,Toronto Raptors,free throw,,,,,,,2,,2,Acy,1,,foul,made,,,,,83-98,,http://stats.nba.com/cvp.html?GameID=0021201142&GameEventID=501
,,,,,,,,,,4,1.10,Milwaukee Bucks,shot,,,,,,,,,,Redick,,,,missed,,3PT Jump Shot,,,83-98,26,http://stats.nba.com/cvp.html?GameID=0021201142&GameEventID=503
,,,,,,,,,,4,1.10,Milwaukee Bucks,rebound,,,,,,,,,,,,,,,,,,,83-98,,http://stats.nba.com/cvp.html?GameID=0021201142&GameEventID=504
,,,,,,,,,,4,0.53,Milwaukee Bucks,shot,Redick,,,,,,,,,Henson,2,,,made,,Jump Shot,,,83-100,16,http://stats.nba.com/cvp.html?GameID=0021201142&GameEventID=506
,,,,,,,,,,4,0.37,Toronto Raptors,shot,,,Gooden,,,,,,,Valanciunas,,,,missed,,Layup,,,83-100,2,http://stats.nba.com/cvp.html?GameID=0021201142&GameEventID=507
,,,,,,,,,,4,0.37,Toronto Raptors,rebound,,,,,,,,,,,,,,,,,,,83-100,,http://stats.nba.com/cvp.html?GameID=0021201142&GameEventID=508
,,,,,,,,,,4,0.37,Milwaukee Bucks,violation,,,,,,,,,,Dunleavy,,,Kicked Ball,,,,,,83-100,,http://stats.nba.com/cvp.html?GameID=0021201142&GameEventID=509
,,,,,,,,,,4,0.31,Toronto Raptors,shot,,,Henson,,,,,,,Valanciunas,,,,missed,,Layup,,,83-100,3,http://stats.nba.com/cvp.html?GameID=0021201142&GameEventID=510
,,,,,,,,,,4,0.31,Toronto Raptors,rebound,,,,,,,,,,,,,,,,,,,83-100,,http://stats.nba.com/cvp.html?GameID=0021201142&GameEventID=511
,,,,,,,,,,4,0.26,Toronto Raptors,shot,,,,,,,,,,Ross,,,,missed,,Jump Shot,,,83-100,11,http://stats.nba.com/cvp.html?GameID=0021201142&GameEventID=512
,,,,,,,,,,4,0.25,Milwaukee Bucks,rebound,,,,,,,,,,Smith,,,,,,,,,83-100,,http://stats.nba.com/cvp.html?GameID=0021201142&GameEventID=513
,,,,,,,,,,4,0.07,Milwaukee Bucks,shot,,,,,,,,,,Gooden,,,,missed,,Jump Shot,,,83-100,17,http://stats.nba.com/cvp.html?GameID=0021201142&GameEventID=514
,,,,,,,,,,4,0.06,Toronto Raptors,rebound,,,,,,,,,,Anderson,,,,,,,,,83-100,,http://stats.nba.com/cvp.html?GameID=0021201142&GameEventID=515
